# Game Level Exporter v1.0
MESH
Cube.065
<Matrix 4x4 (0.1530,  0.0000, 0.0000, 0.0000)
            (0.0000,  0.1530, 0.0000, 0.0000)
            (0.0000, -0.0000, 0.1530, 0.0000)
            (2.0395,  0.9611, 5.4500, 1.0000)>
MESH
Cube.066
<Matrix 4x4 ( 0.1406,  0.0000, 0.0605, 0.0000)
            (-0.0000,  0.1530, 0.0000, 0.0000)
            (-0.0605, -0.0000, 0.1406, 0.0000)
            ( 2.1607,  0.9611, 4.8918, 1.0000)>
MESH
Cube.067
<Matrix 4x4 (0.1530,  0.0000, 0.0000, 0.0000)
            (0.0000,  0.1530, 0.0000, 0.0000)
            (0.0000, -0.0000, 0.1530, 0.0000)
            (2.0178,  1.3019, 3.5075, 1.0000)>
MESH
Cube.068
<Matrix 4x4 (0.1530,  0.0000, 0.0000, 0.0000)
            (0.0000,  0.1530, 0.0000, 0.0000)
            (0.0000, -0.0000, 0.1530, 0.0000)
            (2.0145,  0.9611, 3.5050, 1.0000)>
MESH
Cube.069
<Matrix 4x4 ( 0.1488,  0.0000, 0.0360, 0.0000)
            (-0.0360,  0.0000, 0.1488, 0.0000)
            ( 0.0000, -0.1530, 0.0000, 0.0000)
            ( 2.0694,  1.1398, 3.0867, 1.0000)>
MESH
Cube.070
<Matrix 4x4 (0.1447,  0.0000, -0.0498, 0.0000)
            (0.0498,  0.0000,  0.1447, 0.0000)
            (0.0000, -0.1530,  0.0000, 0.0000)
            (2.0694,  1.1398,  3.9336, 1.0000)>
MESH
Cube.071
<Matrix 4x4 (-0.0498,  0.0000, -0.1447, 0.0000)
            ( 0.1447,  0.0000, -0.0498, 0.0000)
            ( 0.0000, -0.1530,  0.0000, 0.0000)
            ( 6.6027,  1.1398,  5.1607, 1.0000)>
MESH
Cube.072
<Matrix 4x4 (0.0360,  0.0000, -0.1488, 0.0000)
            (0.1488,  0.0000,  0.0360, 0.0000)
            (0.0000, -0.1530,  0.0000, 0.0000)
            (5.7558,  1.1398,  5.1607, 1.0000)>
MESH
Cube.073
<Matrix 4x4 (0.0000,  0.0000, -0.1530, 0.0000)
            (0.0000,  0.1530,  0.0000, 0.0000)
            (0.1530, -0.0000,  0.0000, 0.0000)
            (6.1741,  0.9611,  5.2157, 1.0000)>
MESH
Cube.074
<Matrix 4x4 (0.0000,  0.0000, -0.1530, 0.0000)
            (0.0000,  0.1530,  0.0000, 0.0000)
            (0.1530, -0.0000,  0.0000, 0.0000)
            (6.1766,  1.3019,  5.2123, 1.0000)>
MESH
Cube.075
<Matrix 4x4 ( 0.0000,  0.0000, 0.2940, 0.0000)
            (-0.0000,  0.2940, 0.0000, 0.0000)
            (-0.2940, -0.0000, 0.0000, 0.0000)
            ( 6.1310,  1.1569, 5.6263, 1.0000)>
MESH
Cube.076
<Matrix 4x4 (-0.1418,  0.0000, -0.0576, 0.0000)
            ( 0.0000,  0.1530, -0.0000, 0.0000)
            ( 0.0576, -0.0000, -0.1418, 0.0000)
            ( 1.4738,  0.9611,  5.9629, 1.0000)>
MESH
Cube.077
<Matrix 4x4 (-0.1530,  0.0000,  0.0031, 0.0000)
            (-0.0000,  0.1530, -0.0000, 0.0000)
            (-0.0031, -0.0000, -0.1530, 0.0000)
            ( 1.5837,  0.9611,  5.4023, 1.0000)>
MESH
Cube.078
<Matrix 4x4 (-0.1530,  0.0000,  0.0031, 0.0000)
            (-0.0000,  0.1530, -0.0000, 0.0000)
            (-0.0031, -0.0000, -0.1530, 0.0000)
            ( 1.5837,  0.9611,  3.3951, 1.0000)>
MESH
Cube.079
<Matrix 4x4 (-0.1418,  0.0000, -0.0576, 0.0000)
            ( 0.0000,  0.1530, -0.0000, 0.0000)
            ( 0.0576, -0.0000, -0.1418, 0.0000)
            ( 1.4738,  0.9611,  3.9556, 1.0000)>
MESH
Cube.080
<Matrix 4x4 ( 0.0576,  0.0000, -0.1418, 0.0000)
            ( 0.0000,  0.1530,  0.0000, 0.0000)
            ( 0.1418, -0.0000,  0.0576, 0.0000)
            (-3.0867,  0.9611,  3.9623, 1.0000)>
MESH
Cube.081
<Matrix 4x4 (-0.0031,  0.0000, -0.1530, 0.0000)
            ( 0.0000,  0.1530, -0.0000, 0.0000)
            ( 0.1530, -0.0000, -0.0031, 0.0000)
            (-2.5261,  0.9611,  4.0722, 1.0000)>
MESH
Cube.082
<Matrix 4x4 (-0.0031,  0.0000, -0.1530, 0.0000)
            ( 0.0000,  0.1530, -0.0000, 0.0000)
            ( 0.1530, -0.0000, -0.0031, 0.0000)
            (-2.5261,  0.9611,  6.3630, 1.0000)>
MESH
Cube.083
<Matrix 4x4 ( 0.0576,  0.0000, -0.1418, 0.0000)
            ( 0.0000,  0.1530,  0.0000, 0.0000)
            ( 0.1418, -0.0000,  0.0576, 0.0000)
            (-3.0867,  0.9611,  6.2532, 1.0000)>
MESH
Cube.084
<Matrix 4x4 ( 0.0576,  0.0000, -0.1418, 0.0000)
            ( 0.0000,  0.1530,  0.0000, 0.0000)
            ( 0.1418, -0.0000,  0.0576, 0.0000)
            (-3.0451,  0.9611,  1.4063, 1.0000)>
MESH
Cube.085
<Matrix 4x4 (-0.0031,  0.0000, -0.1530, 0.0000)
            ( 0.0000,  0.1530, -0.0000, 0.0000)
            ( 0.1530, -0.0000, -0.0031, 0.0000)
            (-2.4845,  0.9611,  1.5162, 1.0000)>
MESH
Cube.086
<Matrix 4x4 (-0.0031,  0.0000, -0.1530, 0.0000)
            ( 0.0000,  0.1530, -0.0000, 0.0000)
            ( 0.1530, -0.0000, -0.0031, 0.0000)
            (-2.4133,  0.9611, -1.0049, 1.0000)>
MESH
Cube.087
<Matrix 4x4 ( 0.0576,  0.0000, -0.1418, 0.0000)
            ( 0.0000,  0.1530,  0.0000, 0.0000)
            ( 0.1418, -0.0000,  0.0576, 0.0000)
            (-2.9739,  0.9611, -1.1147, 1.0000)>
MESH
Cube.088
<Matrix 4x4 (-0.0576,  0.0000,  0.1418, 0.0000)
            (-0.0000,  0.1530, -0.0000, 0.0000)
            (-0.1418, -0.0000, -0.0576, 0.0000)
            (-2.0951,  0.9611,  7.2467, 1.0000)>
MESH
Cube.089
<Matrix 4x4 ( 0.0031,  0.0000, 0.1530, 0.0000)
            (-0.0000,  0.1530, 0.0000, 0.0000)
            (-0.1530, -0.0000, 0.0031, 0.0000)
            (-2.6556,  0.9611, 7.1369, 1.0000)>
MESH
Cylinder.011
<Matrix 4x4 ( 0.0567,  0.0000,  0.0754, 0.0000)
            (-0.0000,  0.0944,  0.0000, 0.0000)
            (-0.0754, -0.0000,  0.0567, 0.0000)
            ( 6.5968, -0.8302, -1.5611, 1.0000)>
MESH
Top.Plate_Cube.001
<Matrix 4x4 (-0.0018,  0.0000, -0.0854, 0.0000)
            ( 0.0000,  0.0854, -0.0000, 0.0000)
            ( 0.0854, -0.0000, -0.0018, 0.0000)
            ( 2.0989,  0.7585,  4.1804, 1.0000)>
  MESH
  Plane.026
  <Matrix 4x4 (-0.0018, -0.0000, -0.0854, 0.0000)
            ( 0.0000,  0.0854, -0.0000, 0.0000)
            ( 0.0854, -0.0000, -0.0018, 0.0000)
            ( 2.0989,  0.7585,  4.1804, 1.0000)>
  MESH
  Plane.027
  <Matrix 4x4 (-0.0018, -0.0000, -0.0854, 0.0000)
            ( 0.0000,  0.0854, -0.0000, 0.0000)
            ( 0.0854, -0.0000, -0.0018, 0.0000)
            ( 2.0989,  0.7585,  4.1804, 1.0000)>
  MESH
  Trim.Back_Cube.002
  <Matrix 4x4 (-0.0018, -0.0000, -0.0854, 0.0000)
            ( 0.0000,  0.0854, -0.0000, 0.0000)
            ( 0.0854, -0.0000, -0.0018, 0.0000)
            ( 2.0989,  0.7585,  4.1804, 1.0000)>
  MESH
  Trim.Button_Cube.001
  <Matrix 4x4 (-0.0018, -0.0000, -0.0854, 0.0000)
            ( 0.0000,  0.0854, -0.0000, 0.0000)
            ( 0.0854, -0.0000, -0.0018, 0.0000)
            ( 2.0989,  0.7585,  4.1804, 1.0000)>
  MESH
  Trim.Front_Cube.001
  <Matrix 4x4 (-0.0018, -0.0000, -0.0854, 0.0000)
            ( 0.0000,  0.0854, -0.0000, 0.0000)
            ( 0.0854, -0.0000, -0.0018, 0.0000)
            ( 2.0989,  0.7585,  4.1804, 1.0000)>
  MESH
  Trim.L_Cube.001
  <Matrix 4x4 (-0.0018, -0.0000, -0.0854, 0.0000)
            ( 0.0000,  0.0854, -0.0000, 0.0000)
            ( 0.0854, -0.0000, -0.0018, 0.0000)
            ( 2.0989,  0.7585,  4.1804, 1.0000)>
  MESH
  Trim.R_Cube.001
  <Matrix 4x4 (-0.0018, -0.0000, -0.0854, 0.0000)
            ( 0.0000,  0.0854, -0.0000, 0.0000)
            ( 0.0854, -0.0000, -0.0018, 0.0000)
            ( 2.0989,  0.7585,  4.1804, 1.0000)>
MESH
Top.Plate_Cube.002
<Matrix 4x4 ( 0.0018,  0.0000, 0.0854, 0.0000)
            (-0.0000,  0.0854, 0.0000, 0.0000)
            (-0.0854, -0.0000, 0.0018, 0.0000)
            ( 1.4688,  0.7585, 2.7950, 1.0000)>
  MESH
  Plane.028
  <Matrix 4x4 ( 0.0018, -0.0000, 0.0854, 0.0000)
            (-0.0000,  0.0854, 0.0000, 0.0000)
            (-0.0854, -0.0000, 0.0018, 0.0000)
            ( 1.4688,  0.7585, 2.7950, 1.0000)>
  MESH
  Plane.029
  <Matrix 4x4 ( 0.0018, -0.0000, 0.0854, 0.0000)
            (-0.0000,  0.0854, 0.0000, 0.0000)
            (-0.0854, -0.0000, 0.0018, 0.0000)
            ( 1.4688,  0.7585, 2.7950, 1.0000)>
  MESH
  Trim.Back_Cube.003
  <Matrix 4x4 ( 0.0018, -0.0000, 0.0854, 0.0000)
            (-0.0000,  0.0854, 0.0000, 0.0000)
            (-0.0854, -0.0000, 0.0018, 0.0000)
            ( 1.4688,  0.7585, 2.7950, 1.0000)>
  MESH
  Trim.Button_Cube.002
  <Matrix 4x4 ( 0.0018, -0.0000, 0.0854, 0.0000)
            (-0.0000,  0.0854, 0.0000, 0.0000)
            (-0.0854, -0.0000, 0.0018, 0.0000)
            ( 1.4688,  0.7585, 2.7950, 1.0000)>
  MESH
  Trim.Front_Cube.003
  <Matrix 4x4 ( 0.0018, -0.0000, 0.0854, 0.0000)
            (-0.0000,  0.0854, 0.0000, 0.0000)
            (-0.0854, -0.0000, 0.0018, 0.0000)
            ( 1.4688,  0.7585, 2.7950, 1.0000)>
  MESH
  Trim.L_Cube.002
  <Matrix 4x4 ( 0.0018, -0.0000, 0.0854, 0.0000)
            (-0.0000,  0.0854, 0.0000, 0.0000)
            (-0.0854, -0.0000, 0.0018, 0.0000)
            ( 1.4688,  0.7585, 2.7950, 1.0000)>
  MESH
  Trim.R_Cube.002
  <Matrix 4x4 ( 0.0018, -0.0000, 0.0854, 0.0000)
            (-0.0000,  0.0854, 0.0000, 0.0000)
            (-0.0854, -0.0000, 0.0018, 0.0000)
            ( 1.4688,  0.7585, 2.7950, 1.0000)>
MESH
Top.Plate_Cube.003
<Matrix 4x4 ( 0.0018,  0.0000, 0.0854, 0.0000)
            (-0.0000,  0.0854, 0.0000, 0.0000)
            (-0.0854, -0.0000, 0.0018, 0.0000)
            ( 1.4688,  0.7585, 4.8591, 1.0000)>
  MESH
  Plane.030
  <Matrix 4x4 ( 0.0018, -0.0000, 0.0854, 0.0000)
            (-0.0000,  0.0854, 0.0000, 0.0000)
            (-0.0854, -0.0000, 0.0018, 0.0000)
            ( 1.4688,  0.7585, 4.8591, 1.0000)>
  MESH
  Plane.031
  <Matrix 4x4 ( 0.0018, -0.0000, 0.0854, 0.0000)
            (-0.0000,  0.0854, 0.0000, 0.0000)
            (-0.0854, -0.0000, 0.0018, 0.0000)
            ( 1.4688,  0.7585, 4.8591, 1.0000)>
  MESH
  Trim.Back_Cube.004
  <Matrix 4x4 ( 0.0018, -0.0000, 0.0854, 0.0000)
            (-0.0000,  0.0854, 0.0000, 0.0000)
            (-0.0854, -0.0000, 0.0018, 0.0000)
            ( 1.4688,  0.7585, 4.8591, 1.0000)>
  MESH
  Trim.Button_Cube.003
  <Matrix 4x4 ( 0.0018, -0.0000, 0.0854, 0.0000)
            (-0.0000,  0.0854, 0.0000, 0.0000)
            (-0.0854, -0.0000, 0.0018, 0.0000)
            ( 1.4688,  0.7585, 4.8591, 1.0000)>
  MESH
  Trim.Front_Cube.004
  <Matrix 4x4 ( 0.0018, -0.0000, 0.0854, 0.0000)
            (-0.0000,  0.0854, 0.0000, 0.0000)
            (-0.0854, -0.0000, 0.0018, 0.0000)
            ( 1.4688,  0.7585, 4.8591, 1.0000)>
  MESH
  Trim.L_Cube.003
  <Matrix 4x4 ( 0.0018, -0.0000, 0.0854, 0.0000)
            (-0.0000,  0.0854, 0.0000, 0.0000)
            (-0.0854, -0.0000, 0.0018, 0.0000)
            ( 1.4688,  0.7585, 4.8591, 1.0000)>
  MESH
  Trim.R_Cube.003
  <Matrix 4x4 ( 0.0018, -0.0000, 0.0854, 0.0000)
            (-0.0000,  0.0854, 0.0000, 0.0000)
            (-0.0854, -0.0000, 0.0018, 0.0000)
            ( 1.4688,  0.7585, 4.8591, 1.0000)>
MESH
Top.Plate_Cube.004
<Matrix 4x4 ( 0.0854,  0.0000, -0.0018, 0.0000)
            ( 0.0000,  0.0854,  0.0000, 0.0000)
            ( 0.0018, -0.0000,  0.0854, 0.0000)
            (-3.1671,  0.7585,  7.1170, 1.0000)>
  MESH
  Plane.032
  <Matrix 4x4 ( 0.0854, -0.0000, -0.0018, 0.0000)
            ( 0.0000,  0.0854,  0.0000, 0.0000)
            ( 0.0018, -0.0000,  0.0854, 0.0000)
            (-3.1671,  0.7585,  7.1170, 1.0000)>
  MESH
  Plane.033
  <Matrix 4x4 ( 0.0854, -0.0000, -0.0018, 0.0000)
            ( 0.0000,  0.0854,  0.0000, 0.0000)
            ( 0.0018, -0.0000,  0.0854, 0.0000)
            (-3.1671,  0.7585,  7.1170, 1.0000)>
  MESH
  Trim.Back_Cube.005
  <Matrix 4x4 ( 0.0854, -0.0000, -0.0018, 0.0000)
            ( 0.0000,  0.0854,  0.0000, 0.0000)
            ( 0.0018, -0.0000,  0.0854, 0.0000)
            (-3.1671,  0.7585,  7.1170, 1.0000)>
  MESH
  Trim.Button_Cube.004
  <Matrix 4x4 ( 0.0854, -0.0000, -0.0018, 0.0000)
            ( 0.0000,  0.0854,  0.0000, 0.0000)
            ( 0.0018, -0.0000,  0.0854, 0.0000)
            (-3.1671,  0.7585,  7.1170, 1.0000)>
  MESH
  Trim.Front_Cube.005
  <Matrix 4x4 ( 0.0854, -0.0000, -0.0018, 0.0000)
            ( 0.0000,  0.0854,  0.0000, 0.0000)
            ( 0.0018, -0.0000,  0.0854, 0.0000)
            (-3.1671,  0.7585,  7.1170, 1.0000)>
  MESH
  Trim.L_Cube.004
  <Matrix 4x4 ( 0.0854, -0.0000, -0.0018, 0.0000)
            ( 0.0000,  0.0854,  0.0000, 0.0000)
            ( 0.0018, -0.0000,  0.0854, 0.0000)
            (-3.1671,  0.7585,  7.1170, 1.0000)>
  MESH
  Trim.R_Cube.004
  <Matrix 4x4 ( 0.0854, -0.0000, -0.0018, 0.0000)
            ( 0.0000,  0.0854,  0.0000, 0.0000)
            ( 0.0018, -0.0000,  0.0854, 0.0000)
            (-3.1671,  0.7585,  7.1170, 1.0000)>
MESH
Top.Plate_Cube.005
<Matrix 4x4 (-0.0854,  0.0000,  0.0018, 0.0000)
            (-0.0000,  0.0854, -0.0000, 0.0000)
            (-0.0018, -0.0000, -0.0854, 0.0000)
            (-1.9140,  0.7585,  6.3426, 1.0000)>
  MESH
  Plane.034
  <Matrix 4x4 (-0.0854, -0.0000,  0.0018, 0.0000)
            (-0.0000,  0.0854, -0.0000, 0.0000)
            (-0.0018, -0.0000, -0.0854, 0.0000)
            (-1.9140,  0.7585,  6.3426, 1.0000)>
  MESH
  Plane.035
  <Matrix 4x4 (-0.0854, -0.0000,  0.0018, 0.0000)
            (-0.0000,  0.0854, -0.0000, 0.0000)
            (-0.0018, -0.0000, -0.0854, 0.0000)
            (-1.9140,  0.7585,  6.3426, 1.0000)>
  MESH
  Trim.Back_Cube.006
  <Matrix 4x4 (-0.0854, -0.0000,  0.0018, 0.0000)
            (-0.0000,  0.0854, -0.0000, 0.0000)
            (-0.0018, -0.0000, -0.0854, 0.0000)
            (-1.9140,  0.7585,  6.3426, 1.0000)>
  MESH
  Trim.Button_Cube.005
  <Matrix 4x4 (-0.0854, -0.0000,  0.0018, 0.0000)
            (-0.0000,  0.0854, -0.0000, 0.0000)
            (-0.0018, -0.0000, -0.0854, 0.0000)
            (-1.9140,  0.7585,  6.3426, 1.0000)>
  MESH
  Trim.Front_Cube.006
  <Matrix 4x4 (-0.0854, -0.0000,  0.0018, 0.0000)
            (-0.0000,  0.0854, -0.0000, 0.0000)
            (-0.0018, -0.0000, -0.0854, 0.0000)
            (-1.9140,  0.7585,  6.3426, 1.0000)>
  MESH
  Trim.L_Cube.005
  <Matrix 4x4 (-0.0854, -0.0000,  0.0018, 0.0000)
            (-0.0000,  0.0854, -0.0000, 0.0000)
            (-0.0018, -0.0000, -0.0854, 0.0000)
            (-1.9140,  0.7585,  6.3426, 1.0000)>
  MESH
  Trim.R_Cube.005
  <Matrix 4x4 (-0.0854, -0.0000,  0.0018, 0.0000)
            (-0.0000,  0.0854, -0.0000, 0.0000)
            (-0.0018, -0.0000, -0.0854, 0.0000)
            (-1.9140,  0.7585,  6.3426, 1.0000)>
MESH
Top.Plate_Cube.006
<Matrix 4x4 (-0.0854,  0.0000,  0.0018, 0.0000)
            (-0.0000,  0.0854, -0.0000, 0.0000)
            (-0.0018, -0.0000, -0.0854, 0.0000)
            (-1.9140,  0.7585,  3.9760, 1.0000)>
  MESH
  Plane.036
  <Matrix 4x4 (-0.0854, -0.0000,  0.0018, 0.0000)
            (-0.0000,  0.0854, -0.0000, 0.0000)
            (-0.0018, -0.0000, -0.0854, 0.0000)
            (-1.9140,  0.7585,  3.9760, 1.0000)>
  MESH
  Plane.037
  <Matrix 4x4 (-0.0854, -0.0000,  0.0018, 0.0000)
            (-0.0000,  0.0854, -0.0000, 0.0000)
            (-0.0018, -0.0000, -0.0854, 0.0000)
            (-1.9140,  0.7585,  3.9760, 1.0000)>
  MESH
  Trim.Back_Cube.007
  <Matrix 4x4 (-0.0854, -0.0000,  0.0018, 0.0000)
            (-0.0000,  0.0854, -0.0000, 0.0000)
            (-0.0018, -0.0000, -0.0854, 0.0000)
            (-1.9140,  0.7585,  3.9760, 1.0000)>
  MESH
  Trim.Button_Cube.006
  <Matrix 4x4 (-0.0854, -0.0000,  0.0018, 0.0000)
            (-0.0000,  0.0854, -0.0000, 0.0000)
            (-0.0018, -0.0000, -0.0854, 0.0000)
            (-1.9140,  0.7585,  3.9760, 1.0000)>
  MESH
  Trim.Front_Cube.007
  <Matrix 4x4 (-0.0854, -0.0000,  0.0018, 0.0000)
            (-0.0000,  0.0854, -0.0000, 0.0000)
            (-0.0018, -0.0000, -0.0854, 0.0000)
            (-1.9140,  0.7585,  3.9760, 1.0000)>
  MESH
  Trim.L_Cube.006
  <Matrix 4x4 (-0.0854, -0.0000,  0.0018, 0.0000)
            (-0.0000,  0.0854, -0.0000, 0.0000)
            (-0.0018, -0.0000, -0.0854, 0.0000)
            (-1.9140,  0.7585,  3.9760, 1.0000)>
  MESH
  Trim.R_Cube.006
  <Matrix 4x4 (-0.0854, -0.0000,  0.0018, 0.0000)
            (-0.0000,  0.0854, -0.0000, 0.0000)
            (-0.0018, -0.0000, -0.0854, 0.0000)
            (-1.9140,  0.7585,  3.9760, 1.0000)>
MESH
Top.Plate_Cube.007
<Matrix 4x4 (-0.0854,  0.0000,  0.0018, 0.0000)
            (-0.0000,  0.0854, -0.0000, 0.0000)
            (-0.0018, -0.0000, -0.0854, 0.0000)
            (-1.9140,  0.7585,  1.3959, 1.0000)>
  MESH
  Plane.038
  <Matrix 4x4 (-0.0854, -0.0000,  0.0018, 0.0000)
            (-0.0000,  0.0854, -0.0000, 0.0000)
            (-0.0018, -0.0000, -0.0854, 0.0000)
            (-1.9140,  0.7585,  1.3959, 1.0000)>
  MESH
  Plane.039
  <Matrix 4x4 (-0.0854, -0.0000,  0.0018, 0.0000)
            (-0.0000,  0.0854, -0.0000, 0.0000)
            (-0.0018, -0.0000, -0.0854, 0.0000)
            (-1.9140,  0.7585,  1.3959, 1.0000)>
  MESH
  Trim.Back_Cube.008
  <Matrix 4x4 (-0.0854, -0.0000,  0.0018, 0.0000)
            (-0.0000,  0.0854, -0.0000, 0.0000)
            (-0.0018, -0.0000, -0.0854, 0.0000)
            (-1.9140,  0.7585,  1.3959, 1.0000)>
  MESH
  Trim.Button_Cube.007
  <Matrix 4x4 (-0.0854, -0.0000,  0.0018, 0.0000)
            (-0.0000,  0.0854, -0.0000, 0.0000)
            (-0.0018, -0.0000, -0.0854, 0.0000)
            (-1.9140,  0.7585,  1.3959, 1.0000)>
  MESH
  Trim.Front_Cube.008
  <Matrix 4x4 (-0.0854, -0.0000,  0.0018, 0.0000)
            (-0.0000,  0.0854, -0.0000, 0.0000)
            (-0.0018, -0.0000, -0.0854, 0.0000)
            (-1.9140,  0.7585,  1.3959, 1.0000)>
  MESH
  Trim.L_Cube.007
  <Matrix 4x4 (-0.0854, -0.0000,  0.0018, 0.0000)
            (-0.0000,  0.0854, -0.0000, 0.0000)
            (-0.0018, -0.0000, -0.0854, 0.0000)
            (-1.9140,  0.7585,  1.3959, 1.0000)>
  MESH
  Trim.R_Cube.007
  <Matrix 4x4 (-0.0854, -0.0000,  0.0018, 0.0000)
            (-0.0000,  0.0854, -0.0000, 0.0000)
            (-0.0018, -0.0000, -0.0854, 0.0000)
            (-1.9140,  0.7585,  1.3959, 1.0000)>
MESH
Top.Plate_Cube.008
<Matrix 4x4 (-0.0854,  0.0000,  0.0018, 0.0000)
            (-0.0000,  0.0854, -0.0000, 0.0000)
            (-0.0018, -0.0000, -0.0854, 0.0000)
            (-2.0267,  0.7585, -0.9748, 1.0000)>
  MESH
  Plane.040
  <Matrix 4x4 (-0.0854, -0.0000,  0.0018, 0.0000)
            (-0.0000,  0.0854, -0.0000, 0.0000)
            (-0.0018, -0.0000, -0.0854, 0.0000)
            (-2.0267,  0.7585, -0.9748, 1.0000)>
  MESH
  Plane.041
  <Matrix 4x4 (-0.0854, -0.0000,  0.0018, 0.0000)
            (-0.0000,  0.0854, -0.0000, 0.0000)
            (-0.0018, -0.0000, -0.0854, 0.0000)
            (-2.0267,  0.7585, -0.9748, 1.0000)>
  MESH
  Trim.Back_Cube.009
  <Matrix 4x4 (-0.0854, -0.0000,  0.0018, 0.0000)
            (-0.0000,  0.0854, -0.0000, 0.0000)
            (-0.0018, -0.0000, -0.0854, 0.0000)
            (-2.0267,  0.7585, -0.9748, 1.0000)>
  MESH
  Trim.Button_Cube.008
  <Matrix 4x4 (-0.0854, -0.0000,  0.0018, 0.0000)
            (-0.0000,  0.0854, -0.0000, 0.0000)
            (-0.0018, -0.0000, -0.0854, 0.0000)
            (-2.0267,  0.7585, -0.9748, 1.0000)>
  MESH
  Trim.Front_Cube.009
  <Matrix 4x4 (-0.0854, -0.0000,  0.0018, 0.0000)
            (-0.0000,  0.0854, -0.0000, 0.0000)
            (-0.0018, -0.0000, -0.0854, 0.0000)
            (-2.0267,  0.7585, -0.9748, 1.0000)>
  MESH
  Trim.L_Cube.008
  <Matrix 4x4 (-0.0854, -0.0000,  0.0018, 0.0000)
            (-0.0000,  0.0854, -0.0000, 0.0000)
            (-0.0018, -0.0000, -0.0854, 0.0000)
            (-2.0267,  0.7585, -0.9748, 1.0000)>
  MESH
  Trim.R_Cube.008
  <Matrix 4x4 (-0.0854, -0.0000,  0.0018, 0.0000)
            (-0.0000,  0.0854, -0.0000, 0.0000)
            (-0.0018, -0.0000, -0.0854, 0.0000)
            (-2.0267,  0.7585, -0.9748, 1.0000)>
MESH
Top.Plate_Cube.009
<Matrix 4x4 (-0.0852,  0.0000, -0.0056, 0.0000)
            ( 0.0000,  0.0854, -0.0000, 0.0000)
            ( 0.0056, -0.0000, -0.0852, 0.0000)
            ( 5.5224,  0.7585,  5.6435, 1.0000)>
  MESH
  Plane.042
  <Matrix 4x4 (-0.0852, -0.0000, -0.0056, 0.0000)
            ( 0.0000,  0.0854, -0.0000, 0.0000)
            ( 0.0056, -0.0000, -0.0852, 0.0000)
            ( 5.5224,  0.7585,  5.6435, 1.0000)>
  MESH
  Plane.043
  <Matrix 4x4 (-0.0852, -0.0000, -0.0056, 0.0000)
            ( 0.0000,  0.0854, -0.0000, 0.0000)
            ( 0.0056, -0.0000, -0.0852, 0.0000)
            ( 5.5224,  0.7585,  5.6435, 1.0000)>
  MESH
  Trim.Back_Cube.010
  <Matrix 4x4 (-0.0852, -0.0000, -0.0056, 0.0000)
            ( 0.0000,  0.0854, -0.0000, 0.0000)
            ( 0.0056, -0.0000, -0.0852, 0.0000)
            ( 5.5224,  0.7585,  5.6435, 1.0000)>
  MESH
  Trim.Button_Cube.009
  <Matrix 4x4 (-0.0852, -0.0000, -0.0056, 0.0000)
            ( 0.0000,  0.0854, -0.0000, 0.0000)
            ( 0.0056, -0.0000, -0.0852, 0.0000)
            ( 5.5224,  0.7585,  5.6435, 1.0000)>
  MESH
  Trim.Front_Cube.010
  <Matrix 4x4 (-0.0852, -0.0000, -0.0056, 0.0000)
            ( 0.0000,  0.0854, -0.0000, 0.0000)
            ( 0.0056, -0.0000, -0.0852, 0.0000)
            ( 5.5224,  0.7585,  5.6435, 1.0000)>
  MESH
  Trim.L_Cube.009
  <Matrix 4x4 (-0.0852, -0.0000, -0.0056, 0.0000)
            ( 0.0000,  0.0854, -0.0000, 0.0000)
            ( 0.0056, -0.0000, -0.0852, 0.0000)
            ( 5.5224,  0.7585,  5.6435, 1.0000)>
  MESH
  Trim.R_Cube.009
  <Matrix 4x4 (-0.0852, -0.0000, -0.0056, 0.0000)
            ( 0.0000,  0.0854, -0.0000, 0.0000)
            ( 0.0056, -0.0000, -0.0852, 0.0000)
            ( 5.5224,  0.7585,  5.6435, 1.0000)>
MESH
Top.Plate_Cube.011
<Matrix 4x4 (0.0854,  0.0000, -0.0018, 0.0000)
            (0.0000,  0.0854,  0.0000, 0.0000)
            (0.0018, -0.0000,  0.0854, 0.0000)
            (6.7950,  0.7585,  5.1622, 1.0000)>
  MESH
  Plane.044
  <Matrix 4x4 (0.0854, -0.0000, -0.0018, 0.0000)
            (0.0000,  0.0854,  0.0000, 0.0000)
            (0.0018, -0.0000,  0.0854, 0.0000)
            (6.7950,  0.7585,  5.1622, 1.0000)>
  MESH
  Plane.045
  <Matrix 4x4 (0.0854, -0.0000, -0.0018, 0.0000)
            (0.0000,  0.0854,  0.0000, 0.0000)
            (0.0018, -0.0000,  0.0854, 0.0000)
            (6.7950,  0.7585,  5.1622, 1.0000)>
  MESH
  Trim.Back_Cube.011
  <Matrix 4x4 (0.0854, -0.0000, -0.0018, 0.0000)
            (0.0000,  0.0854,  0.0000, 0.0000)
            (0.0018, -0.0000,  0.0854, 0.0000)
            (6.7950,  0.7585,  5.1622, 1.0000)>
  MESH
  Trim.Button_Cube.010
  <Matrix 4x4 (0.0854, -0.0000, -0.0018, 0.0000)
            (0.0000,  0.0854,  0.0000, 0.0000)
            (0.0018, -0.0000,  0.0854, 0.0000)
            (6.7950,  0.7585,  5.1622, 1.0000)>
  MESH
  Trim.Front_Cube.011
  <Matrix 4x4 (0.0854, -0.0000, -0.0018, 0.0000)
            (0.0000,  0.0854,  0.0000, 0.0000)
            (0.0018, -0.0000,  0.0854, 0.0000)
            (6.7950,  0.7585,  5.1622, 1.0000)>
  MESH
  Trim.L_Cube.010
  <Matrix 4x4 (0.0854, -0.0000, -0.0018, 0.0000)
            (0.0000,  0.0854,  0.0000, 0.0000)
            (0.0018, -0.0000,  0.0854, 0.0000)
            (6.7950,  0.7585,  5.1622, 1.0000)>
  MESH
  Trim.R_Cube.010
  <Matrix 4x4 (0.0854, -0.0000, -0.0018, 0.0000)
            (0.0000,  0.0854,  0.0000, 0.0000)
            (0.0018, -0.0000,  0.0854, 0.0000)
            (6.7950,  0.7585,  5.1622, 1.0000)>
MESH
keyboard_us-compact-horizontal.obj
<Matrix 4x4 ( 1.4723,  0.0000, 0.0000, 0.0000)
            ( 0.0000,  1.4723, 0.0000, 0.0000)
            ( 0.0000, -0.0000, 1.4723, 0.0000)
            (-2.5324,  0.7462, 1.1218, 1.0000)>
MESH
keyboard_us-compact-horizontal.obj.001
<Matrix 4x4 ( 1.4723,  0.0000,  0.0000, 0.0000)
            ( 0.0000,  1.4723,  0.0000, 0.0000)
            ( 0.0000, -0.0000,  1.4723, 0.0000)
            (-2.4596,  0.7462, -1.3784, 1.0000)>
MESH
keyboard_us-compact-horizontal.obj.002
<Matrix 4x4 ( 1.4723,  0.0000, 0.0000, 0.0000)
            ( 0.0000,  1.4723, 0.0000, 0.0000)
            ( 0.0000, -0.0000, 1.4723, 0.0000)
            (-2.5806,  0.7462, 3.6976, 1.0000)>
MESH
keyboard_us-compact-horizontal.obj.003
<Matrix 4x4 ( 1.4723,  0.0000, 0.0000, 0.0000)
            ( 0.0000,  1.4723, 0.0000, 0.0000)
            ( 0.0000, -0.0000, 1.4723, 0.0000)
            (-2.5806,  0.7462, 6.0410, 1.0000)>
MESH
keyboard_us-compact-horizontal.obj.004
<Matrix 4x4 (-1.4723,  0.0000,  0.0000, 0.0000)
            (-0.0000,  1.4723, -0.0000, 0.0000)
            (-0.0000, -0.0000, -1.4723, 0.0000)
            (-2.5882,  0.7462,  7.4951, 1.0000)>
MESH
keyboard_us-compact-horizontal.obj.005
<Matrix 4x4 (0.0000,  0.0000, -1.4723, 0.0000)
            (0.0000,  1.4723,  0.0000, 0.0000)
            (1.4723, -0.0000,  0.0000, 0.0000)
            (1.2327,  0.7462,  5.4529, 1.0000)>
MESH
keyboard_us-compact-horizontal.obj.006
<Matrix 4x4 (0.0000,  0.0000, -1.4723, 0.0000)
            (0.0000,  1.4723,  0.0000, 0.0000)
            (1.4723, -0.0000,  0.0000, 0.0000)
            (1.2236,  0.7462,  3.4238, 1.0000)>
MESH
keyboard_us-compact-horizontal.obj.007
<Matrix 4x4 ( 0.0000,  0.0000, 1.4723, 0.0000)
            (-0.0000,  1.4723, 0.0000, 0.0000)
            (-1.4723, -0.0000, 0.0000, 0.0000)
            ( 2.3783,  0.7462, 3.5115, 1.0000)>
MESH
keyboard_us-compact-horizontal.obj.008
<Matrix 4x4 ( 0.0000,  0.0000, 1.4723, 0.0000)
            (-0.0000,  1.4723, 0.0000, 0.0000)
            (-1.4723, -0.0000, 0.0000, 0.0000)
            ( 2.3783,  0.7462, 5.4569, 1.0000)>
MESH
keyboard_us-compact-horizontal.obj.009
<Matrix 4x4 ( 1.4723,  0.0000, 0.0000, 0.0000)
            (-0.0000,  1.4723, 0.0000, 0.0000)
            (-0.0000, -0.0000, 1.4723, 0.0000)
            ( 6.1746,  0.7462, 4.7915, 1.0000)>
MESH
keyboard_us-compact-horizontal.obj.010
<Matrix 4x4 (-1.4723,  0.0000, -0.0000, 0.0000)
            ( 0.0000,  1.4723, -0.0000, 0.0000)
            ( 0.0000, -0.0000, -1.4723, 0.0000)
            ( 6.1428,  0.7462,  5.9833, 1.0000)>
MESH
Plane.046
<Matrix 4x4 (1.6083,  0.0000, 0.0000, 0.0000)
            (0.0000,  0.0000, 1.3296, 0.0000)
            (0.0000, -1.0000, 0.0000, 0.0000)
            (1.8242, -0.0000, 2.7425, 1.0000)>
CAMERA
Camera
<Matrix 4x4 ( 0.1948, 0.0000, -0.9808, 0.0000)
            (-0.0000, 1.0000, -0.0000, 0.0000)
            ( 0.9808, 0.0000,  0.1948, 0.0000)
            ( 2.0800, 1.5848,  5.4091, 1.0000)>
MESH
Plane
<Matrix 4x4 (0.7624,  0.0000, 0.0000, 0.0000)
            (0.0000,  0.0000, 0.7500, 0.0000)
            (0.0000, -1.0000, 0.0000, 0.0000)
            (1.8120,  0.0000, 3.4000, 1.0000)>
MESH
Bibliotheque
<Matrix 4x4 (-0.0000, 0.0000, -0.0100, 0.0000)
            (-0.0000, 0.0100,  0.0000, 0.0000)
            ( 0.0100, 0.0000, -0.0000, 0.0000)
            ( 7.0419, 0.0000,  8.1576, 1.0000)>
MESH
CubicleSquare
<Matrix 4x4 (1.1500, 0.0000, 0.0000, 0.0000)
            (0.0000, 0.0000, 0.0500, 0.0000)
            (0.0000, 0.8884, 0.0000, 0.0000)
            (6.0899, 0.8475, 5.3922, 1.0000)>
  MESH
  Cube.001
  <Matrix 4x4 (-0.0000, 0.0000,  1.0000, 0.0000)
            (-0.0460, 0.0000, -0.0000, 0.0000)
            ( 0.0000, 0.8884,  0.0000, 0.0000)
            ( 7.1880, 0.8475,  6.4240, 1.0000)>
  MESH
  Cube.002
  <Matrix 4x4 (-0.0000, 0.0000,  0.7500, 0.0000)
            (-0.0460, 0.0000, -0.0000, 0.0000)
            ( 0.0000, 0.8884,  0.0000, 0.0000)
            ( 4.9874, 0.8475,  6.1754, 1.0000)>
MESH
Cube.003
<Matrix 4x4 (-0.0000, 0.0000,  1.0000, 0.0000)
            (-0.0500, 0.0000, -0.0000, 0.0000)
            ( 0.0000, 0.8884,  0.0000, 0.0000)
            ( 7.1923, 0.8475,  4.3514, 1.0000)>
MESH
CubicleSquare.001
<Matrix 4x4 (-0.0000,  0.0000, -1.0000, 0.0000)
            ( 0.0500,  0.0000, -0.0000, 0.0000)
            ( 0.0000, -0.8880,  0.0000, 0.0000)
            ( 1.8069,  0.6500,  5.4289, 1.0000)>
  MESH
  Cube.004
  <Matrix 4x4 ( 0.7500,  0.0000, -0.0000, 0.0000)
            (-0.0000,  0.0000,  0.0400, 0.0000)
            ( 0.0000, -0.8880,  0.0000, 0.0000)
            ( 2.5569,  0.6500,  6.3877, 1.0000)>
  MESH
  Cube.005
  <Matrix 4x4 ( 0.7500,  0.0000, -0.0000, 0.0000)
            (-0.0000,  0.0000,  0.0400, 0.0000)
            ( 0.0000, -0.8880,  0.0000, 0.0000)
            ( 2.5569,  0.6500,  4.4741, 1.0000)>
  MESH
  Cube.007
  <Matrix 4x4 ( 0.7500,  0.0000, -0.0000, 0.0000)
            (-0.0000,  0.0000,  0.0400, 0.0000)
            ( 0.0000, -0.8880,  0.0000, 0.0000)
            ( 1.0569,  0.6500,  6.3877, 1.0000)>
  MESH
  Cube.008
  <Matrix 4x4 ( 0.7500,  0.0000, -0.0000, 0.0000)
            (-0.0000,  0.0000,  0.0400, 0.0000)
            ( 0.0000, -0.8880,  0.0000, 0.0000)
            ( 1.0569,  0.6500,  4.4741, 1.0000)>
MESH
CubicleSquare.002
<Matrix 4x4 (-0.0000,  0.0000, -1.2241, 0.0000)
            ( 0.0500,  0.0000, -0.0000, 0.0000)
            ( 0.0000, -0.8880,  0.0000, 0.0000)
            ( 1.8069,  0.6500,  3.6289, 1.0000)>
MESH
ElevatorRoom
<Matrix 4x4 ( 1.1520,  0.0000,  1.4909, 0.0000)
            (-1.5716,  0.0000,  1.2144, 0.0000)
            ( 0.0000, -2.0000,  0.0000, 0.0000)
            ( 4.7027,  1.8496, -1.4462, 1.0000)>
  MESH
  Cube.006
  <Matrix 4x4 ( 0.0306,  0.0000, 0.0396, 0.0000)
            (-1.5826,  0.0000, 1.2229, 0.0000)
            ( 0.0000, -2.0000, 0.0000, 0.0000)
            ( 5.8565,  1.8539, 0.0494, 1.0000)>
  MESH
  Door_v_ilev_fib_door1_s.008
  <Matrix 4x4 ( 0.8486, 0.0000,  0.6471, 0.0000)
            ( 0.0000, 0.9079, -0.0000, 0.0000)
            (-0.6471, 0.0000,  0.8486, 0.0000)
            ( 6.4376, 0.9826, -0.2929, 1.0000)>
    MESH
    Frame.001_v_ilev_fib_door1_s.007
    <Matrix 4x4 ( 0.8486, 0.0000,  0.6471, 0.0000)
            ( 0.0000, 0.9079, -0.0000, 0.0000)
            (-0.6471, 0.0000,  0.8486, 0.0000)
            ( 6.4376, 0.9826, -0.2929, 1.0000)>
    MESH
    Frame_v_ilev_fib_door1_s.000
    <Matrix 4x4 ( 0.8486, 0.0000,  0.6471, 0.0000)
            ( 0.0000, 0.9079, -0.0000, 0.0000)
            (-0.6471, 0.0000,  0.8486, 0.0000)
            ( 6.4376, 0.9826, -0.2929, 1.0000)>
    MESH
    Handle01_v_ilev_fib_door1_s.006
    <Matrix 4x4 ( 0.8486, 0.0000,  0.6471, 0.0000)
            ( 0.0000, 0.9079, -0.0000, 0.0000)
            (-0.6471, 0.0000,  0.8486, 0.0000)
            ( 6.4376, 0.9826, -0.2929, 1.0000)>
    MESH
    Handle02_v_ilev_fib_door1_s.009
    <Matrix 4x4 ( 0.8486, 0.0000,  0.6471, 0.0000)
            ( 0.0000, 0.9079, -0.0000, 0.0000)
            (-0.6471, 0.0000,  0.8486, 0.0000)
            ( 6.4376, 0.9826, -0.2929, 1.0000)>
  LIGHT
  Point
  <Matrix 4x4 (0.9979,  0.0000, -0.0644, 0.0000)
            (0.0644,  0.0000,  0.9979, 0.0000)
            (0.0000, -1.0000,  0.0000, 0.0000)
            (4.8987,  3.0675, -1.0010, 1.0000)>
MESH
CubicleSquare.003
<Matrix 4x4 (-1.1500,  0.0000, -0.0000, 0.0000)
            ( 0.0000,  0.0000, -0.0500, 0.0000)
            ( 0.0000, -0.8880,  0.0000, 0.0000)
            (-2.5386,  0.6500,  6.6785, 1.0000)>
  MESH
  Cube.009
  <Matrix 4x4 ( 0.0000,  0.0000, -0.5000, 0.0000)
            ( 0.0460,  0.0000,  0.0000, 0.0000)
            ( 0.0000, -0.8880,  0.0000, 0.0000)
            (-1.4361,  0.6500,  6.1953, 1.0000)>
  MESH
  Cube.010
  <Matrix 4x4 ( 0.0000,  0.0000, -1.2625, 0.0000)
            ( 0.0460,  0.0000,  0.0000, 0.0000)
            ( 0.0000, -0.8880,  0.0000, 0.0000)
            (-3.6368,  0.6500,  5.5211, 1.0000)>
MESH
CubicleSquare.004
<Matrix 4x4 (-1.1500,  0.0000, -0.0000, 0.0000)
            (-0.0000,  0.0000,  0.0500, 0.0000)
            ( 0.0000, -0.8880,  0.0000, 0.0000)
            (-2.5386,  0.6500,  6.7730, 1.0000)>
  MESH
  Cube.011
  <Matrix 4x4 (-0.0000,  0.0000, 1.0000, 0.0000)
            ( 0.0460,  0.0000, 0.0000, 0.0000)
            ( 0.0000, -0.8880, 0.0000, 0.0000)
            (-3.6368,  0.6500, 7.8049, 1.0000)>
  MESH
  Cube.012
  <Matrix 4x4 (-0.0000,  0.0000, 0.4605, 0.0000)
            ( 0.0460,  0.0000, 0.0000, 0.0000)
            ( 0.0000, -0.8880, 0.0000, 0.0000)
            (-1.4361,  0.6500, 7.2698, 1.0000)>
MESH
CubicleSquare.005
<Matrix 4x4 (-1.1500,  0.0000, -0.0000, 0.0000)
            ( 0.0000,  0.0000, -0.0500, 0.0000)
            ( 0.0000, -0.8880,  0.0000, 0.0000)
            (-2.5386,  0.6500,  4.2664, 1.0000)>
  MESH
  Cube.013
  <Matrix 4x4 ( 0.0000,  0.0000, -1.3485, 0.0000)
            ( 0.0460,  0.0000,  0.0000, 0.0000)
            ( 0.0000, -0.8880,  0.0000, 0.0000)
            (-3.6367,  0.6500,  2.8991, 1.0000)>
  MESH
  Cube.014
  <Matrix 4x4 ( 0.0000,  0.0000, -0.5000, 0.0000)
            ( 0.0460,  0.0000,  0.0000, 0.0000)
            ( 0.0000, -0.8880,  0.0000, 0.0000)
            (-1.4361,  0.6500,  3.7832, 1.0000)>
MESH
Cube.015
<Matrix 4x4 (-0.0005,  0.0000,  0.0500, 0.0000)
            (-1.7523,  0.0000, -0.0176, 0.0000)
            ( 0.0000, -2.0000,  0.0000, 0.0000)
            ( 1.2951,  1.8481, -0.6429, 1.0000)>
  MESH
  Door_v_ilev_fib_door1_s.001
  <Matrix 4x4 ( 0.9578, -0.0000,  0.0159, 0.0000)
            ( 0.0000,  0.9079, -0.0000, 0.0000)
            (-0.0161,  0.0000,  1.0670, 0.0000)
            ( 1.9218,  0.9619, -0.5960, 1.0000)>
  MESH
  Frame.001_v_ilev_fib_door1_s.001
  <Matrix 4x4 ( 0.9325, 0.0000,  0.0770, 0.0000)
            ( 0.0000, 0.9079, -0.0000, 0.0000)
            (-0.0699, 0.0000,  1.0644, 0.0000)
            ( 1.9184, 1.0263, -0.4802, 1.0000)>
  MESH
  Frame_v_ilev_fib_door1_s.001
  <Matrix 4x4 ( 0.9303, 0.0000,  0.1049, 0.0000)
            ( 0.0000, 0.9079, -0.0000, 0.0000)
            (-0.0944, 0.0000,  1.0620, 0.0000)
            ( 1.9175, 1.0263, -0.4802, 1.0000)>
  MESH
  Handle01_v_ilev_fib_door1_s.001
  <Matrix 4x4 ( 0.9303, 0.0000,  0.1049, 0.0000)
            ( 0.0000, 0.9079, -0.0000, 0.0000)
            (-0.0944, 0.0000,  1.0620, 0.0000)
            ( 1.9175, 1.0263, -0.4802, 1.0000)>
  MESH
  Handle02_v_ilev_fib_door1_s.001
  <Matrix 4x4 ( 0.9303, 0.0000,  0.1049, 0.0000)
            ( 0.0000, 0.9079, -0.0000, 0.0000)
            (-0.0944, 0.0000,  1.0620, 0.0000)
            ( 1.9175, 1.0263, -0.4802, 1.0000)>
MESH
CubicleSquare.007
<Matrix 4x4 (-1.1500,  0.0000, -0.0000, 0.0000)
            ( 0.0000,  0.0000, -0.0500, 0.0000)
            ( 0.0000, -0.8880,  0.0000, 0.0000)
            (-2.5386,  0.6500,  1.7817, 1.0000)>
  MESH
  Cube.016
  <Matrix 4x4 ( 0.0000,  0.0000, -0.5000, 0.0000)
            ( 0.0460,  0.0000,  0.0000, 0.0000)
            ( 0.0000, -0.8880,  0.0000, 0.0000)
            (-1.4361,  0.6500,  1.2985, 1.0000)>
  MESH
  Cube.017
  <Matrix 4x4 ( 0.0000,  0.0000, -1.1827, 0.0000)
            ( 0.0460,  0.0000,  0.0000, 0.0000)
            ( 0.0000, -0.8880,  0.0000, 0.0000)
            (-3.6367,  0.6500,  0.5676, 1.0000)>
MESH
Cube.018
<Matrix 4x4 (-0.0000,  0.0000,  5.3067, 0.0000)
            (-0.0500,  0.0000, -0.0000, 0.0000)
            ( 0.0000, -2.0464,  0.0000, 0.0000)
            ( 7.3288,  1.8111,  3.5291, 1.0000)>
MESH
Cube.019
<Matrix 4x4 ( 0.0000,  0.0000, -5.4822, 0.0000)
            (-0.0500,  0.0000, -0.0000, 0.0000)
            ( 0.0000, -2.0464,  0.0000, 0.0000)
            (-3.7272,  1.8111,  3.3654, 1.0000)>
MESH
Cube.020
<Matrix 4x4 (5.5283,  0.0000, 0.0000, 0.0000)
            (0.0000,  0.0000, 0.0500, 0.0000)
            (0.0000, -2.0464, 0.0000, 0.0000)
            (1.8397,  1.8111, 8.8045, 1.0000)>
MESH
Cube.021
<Matrix 4x4 ( 0.0000,  0.0000, -1.8304, 0.0000)
            (-0.0995,  0.0000, -0.0000, 0.0000)
            ( 0.0000, -2.0464,  0.0000, 0.0000)
            (-0.4019,  1.8111, -2.4355, 1.0000)>
MESH
Cube.022
<Matrix 4x4 ( 0.0000,  0.0000, -1.8304, 0.0000)
            (-0.0500,  0.0000, -0.0000, 0.0000)
            ( 0.0000, -2.0464,  0.0000, 0.0000)
            (-3.7351,  1.8111, -2.4297, 1.0000)>
MESH
CubicleSquare.008
<Matrix 4x4 (-1.1500,  0.0000, -0.0000, 0.0000)
            ( 0.0000,  0.0000, -0.0500, 0.0000)
            ( 0.0000, -0.6500,  0.0000, 0.0000)
            (-2.5386,  0.6500, -0.5581, 1.0000)>
  MESH
  Cube.023
  <Matrix 4x4 ( 0.0000,  0.0000, -1.1827, 0.0000)
            ( 0.0460,  0.0000,  0.0000, 0.0000)
            ( 0.0000, -0.8252,  0.0000, 0.0000)
            (-3.6367,  0.7031, -1.7722, 1.0000)>
  MESH
  Cube.024
  <Matrix 4x4 ( 0.0000,  0.0000, -0.5000, 0.0000)
            ( 0.0460,  0.0000,  0.0000, 0.0000)
            ( 0.0000, -0.7816,  0.0000, 0.0000)
            (-1.4361,  0.7537, -1.0413, 1.0000)>
MESH
CubicleSquare.009
<Matrix 4x4 (-1.1500,  0.0000, -0.0000, 0.0000)
            ( 0.0000,  0.0000, -0.0500, 0.0000)
            ( 0.0000, -0.8880,  0.0000, 0.0000)
            (-2.5386,  0.6500, -0.5581, 1.0000)>
MESH
Plane.001
<Matrix 4x4 ( 1.6083,  0.0000,  0.0000, 0.0000)
            ( 0.0000,  0.0000,  1.3296, 0.0000)
            ( 0.0000, -1.0000,  0.0000, 0.0000)
            (-2.1060, -0.0000, -3.3409, 1.0000)>
MESH
Cube.025
<Matrix 4x4 ( 1.6508,  0.0000,  0.0000, 0.0000)
            ( 0.0000,  0.0000, -0.0500, 0.0000)
            ( 0.0000, -2.0464,  0.0000, 0.0000)
            (-2.1318,  1.8111, -4.2652, 1.0000)>
MESH
Coark_Board_Big_
<Matrix 4x4 ( 0.0242, 0.0000, -0.0062, 0.0000)
            (-0.0000, 0.0250, -0.0000, 0.0000)
            ( 0.0062, 0.0000,  0.0242, 0.0000)
            (-0.0068, 1.1974,  8.7062, 1.0000)>
MESH
Chair
<Matrix 4x4 (-0.4163, 0.0000, -0.1707, 0.0000)
            (-0.0000, 0.4500,  0.0000, 0.0000)
            ( 0.1707, 0.0000, -0.4163, 0.0000)
            ( 6.3317, 0.0000,  3.9343, 1.0000)>
  MESH
  Cube_Cube.006
  <Matrix 4x4 (-0.4163, 0.0000, -0.1707, 0.0000)
            (-0.0000, 0.4500,  0.0000, 0.0000)
            ( 0.1707, 0.0000, -0.4163, 0.0000)
            ( 6.3317, 0.0000,  3.9343, 1.0000)>
  MESH
  Cylinder
  <Matrix 4x4 (-0.4163, 0.0000, -0.1707, 0.0000)
            (-0.0000, 0.4500,  0.0000, 0.0000)
            ( 0.1707, 0.0000, -0.4163, 0.0000)
            ( 6.3317, 0.0000,  3.9343, 1.0000)>
  MESH
  Cylinder.001_Cylinder.005
  <Matrix 4x4 (-0.4163, 0.0000, -0.1707, 0.0000)
            (-0.0000, 0.4500,  0.0000, 0.0000)
            ( 0.1707, 0.0000, -0.4163, 0.0000)
            ( 6.3317, 0.0000,  3.9343, 1.0000)>
  MESH
  Cylinder.002_Cylinder.006
  <Matrix 4x4 (-0.4163, 0.0000, -0.1707, 0.0000)
            (-0.0000, 0.4500,  0.0000, 0.0000)
            ( 0.1707, 0.0000, -0.4163, 0.0000)
            ( 6.3317, 0.0000,  3.9343, 1.0000)>
  MESH
  Cylinder.003_Cylinder.007
  <Matrix 4x4 (-0.4163, 0.0000, -0.1707, 0.0000)
            (-0.0000, 0.4500,  0.0000, 0.0000)
            ( 0.1707, 0.0000, -0.4163, 0.0000)
            ( 6.3317, 0.0000,  3.9343, 1.0000)>
  MESH
  Cylinder.004_Cylinder.008
  <Matrix 4x4 (-0.4163, 0.0000, -0.1707, 0.0000)
            (-0.0000, 0.4500,  0.0000, 0.0000)
            ( 0.1707, 0.0000, -0.4163, 0.0000)
            ( 6.3317, 0.0000,  3.9343, 1.0000)>
  MESH
  Cylinder.005_Cylinder.009
  <Matrix 4x4 (-0.4163, 0.0000, -0.1707, 0.0000)
            (-0.0000, 0.4500,  0.0000, 0.0000)
            ( 0.1707, 0.0000, -0.4163, 0.0000)
            ( 6.3317, 0.0000,  3.9343, 1.0000)>
  MESH
  Cylinder.006_Cylinder.011
  <Matrix 4x4 (-0.4163, 0.0000, -0.1707, 0.0000)
            (-0.0000, 0.4500,  0.0000, 0.0000)
            ( 0.1707, 0.0000, -0.4163, 0.0000)
            ( 6.3317, 0.0000,  3.9343, 1.0000)>
  MESH
  Cylinder.007_Cylinder.012
  <Matrix 4x4 (-0.4163, 0.0000, -0.1707, 0.0000)
            (-0.0000, 0.4500,  0.0000, 0.0000)
            ( 0.1707, 0.0000, -0.4163, 0.0000)
            ( 6.3317, 0.0000,  3.9343, 1.0000)>
  MESH
  Cylinder.008_Cylinder.013
  <Matrix 4x4 (-0.4163, 0.0000, -0.1707, 0.0000)
            (-0.0000, 0.4500,  0.0000, 0.0000)
            ( 0.1707, 0.0000, -0.4163, 0.0000)
            ( 6.3317, 0.0000,  3.9343, 1.0000)>
  MESH
  Cylinder.009_Cylinder.014
  <Matrix 4x4 (-0.4163, 0.0000, -0.1707, 0.0000)
            (-0.0000, 0.4500,  0.0000, 0.0000)
            ( 0.1707, 0.0000, -0.4163, 0.0000)
            ( 6.3317, 0.0000,  3.9343, 1.0000)>
  MESH
  Cylinder.010_Cylinder.015
  <Matrix 4x4 (-0.4163, 0.0000, -0.1707, 0.0000)
            (-0.0000, 0.4500,  0.0000, 0.0000)
            ( 0.1707, 0.0000, -0.4163, 0.0000)
            ( 6.3317, 0.0000,  3.9343, 1.0000)>
  MESH
  Plane.002
  <Matrix 4x4 (-0.4163, 0.0000, -0.1707, 0.0000)
            (-0.0000, 0.4500,  0.0000, 0.0000)
            ( 0.1707, 0.0000, -0.4163, 0.0000)
            ( 6.3317, 0.0000,  3.9343, 1.0000)>
  MESH
  Plane.003
  <Matrix 4x4 (-0.4163, 0.0000, -0.1707, 0.0000)
            (-0.0000, 0.4500,  0.0000, 0.0000)
            ( 0.1707, 0.0000, -0.4163, 0.0000)
            ( 6.3317, 0.0000,  3.9343, 1.0000)>
MESH
Chair.001
<Matrix 4x4 ( 0.3820, 0.0000, -0.2379, 0.0000)
            (-0.0000, 0.4500, -0.0000, 0.0000)
            ( 0.2379, 0.0000,  0.3820, 0.0000)
            ( 6.3317, 0.0000,  6.9238, 1.0000)>
  MESH
  Cube_Cube.001
  <Matrix 4x4 ( 0.3820, 0.0000, -0.2379, 0.0000)
            (-0.0000, 0.4500, -0.0000, 0.0000)
            ( 0.2379, 0.0000,  0.3820, 0.0000)
            ( 6.3317, 0.0000,  6.9238, 1.0000)>
  MESH
  Cylinder.001
  <Matrix 4x4 ( 0.3820, 0.0000, -0.2379, 0.0000)
            (-0.0000, 0.4500, -0.0000, 0.0000)
            ( 0.2379, 0.0000,  0.3820, 0.0000)
            ( 6.3317, 0.0000,  6.9238, 1.0000)>
  MESH
  Cylinder.001_Cylinder.001
  <Matrix 4x4 ( 0.3820, 0.0000, -0.2379, 0.0000)
            (-0.0000, 0.4500, -0.0000, 0.0000)
            ( 0.2379, 0.0000,  0.3820, 0.0000)
            ( 6.3317, 0.0000,  6.9238, 1.0000)>
  MESH
  Cylinder.002_Cylinder.001
  <Matrix 4x4 ( 0.3820, 0.0000, -0.2379, 0.0000)
            (-0.0000, 0.4500, -0.0000, 0.0000)
            ( 0.2379, 0.0000,  0.3820, 0.0000)
            ( 6.3317, 0.0000,  6.9238, 1.0000)>
  MESH
  Cylinder.003_Cylinder.001
  <Matrix 4x4 ( 0.3820, 0.0000, -0.2379, 0.0000)
            (-0.0000, 0.4500, -0.0000, 0.0000)
            ( 0.2379, 0.0000,  0.3820, 0.0000)
            ( 6.3317, 0.0000,  6.9238, 1.0000)>
  MESH
  Cylinder.004_Cylinder.001
  <Matrix 4x4 ( 0.3820, 0.0000, -0.2379, 0.0000)
            (-0.0000, 0.4500, -0.0000, 0.0000)
            ( 0.2379, 0.0000,  0.3820, 0.0000)
            ( 6.3317, 0.0000,  6.9238, 1.0000)>
  MESH
  Cylinder.005_Cylinder.001
  <Matrix 4x4 ( 0.3820, 0.0000, -0.2379, 0.0000)
            (-0.0000, 0.4500, -0.0000, 0.0000)
            ( 0.2379, 0.0000,  0.3820, 0.0000)
            ( 6.3317, 0.0000,  6.9238, 1.0000)>
  MESH
  Cylinder.006_Cylinder.001
  <Matrix 4x4 ( 0.3820, 0.0000, -0.2379, 0.0000)
            (-0.0000, 0.4500, -0.0000, 0.0000)
            ( 0.2379, 0.0000,  0.3820, 0.0000)
            ( 6.3317, 0.0000,  6.9238, 1.0000)>
  MESH
  Cylinder.007_Cylinder.001
  <Matrix 4x4 ( 0.3820, 0.0000, -0.2379, 0.0000)
            (-0.0000, 0.4500, -0.0000, 0.0000)
            ( 0.2379, 0.0000,  0.3820, 0.0000)
            ( 6.3317, 0.0000,  6.9238, 1.0000)>
  MESH
  Cylinder.008_Cylinder.001
  <Matrix 4x4 ( 0.3820, 0.0000, -0.2379, 0.0000)
            (-0.0000, 0.4500, -0.0000, 0.0000)
            ( 0.2379, 0.0000,  0.3820, 0.0000)
            ( 6.3317, 0.0000,  6.9238, 1.0000)>
  MESH
  Cylinder.009_Cylinder.001
  <Matrix 4x4 ( 0.3820, 0.0000, -0.2379, 0.0000)
            (-0.0000, 0.4500, -0.0000, 0.0000)
            ( 0.2379, 0.0000,  0.3820, 0.0000)
            ( 6.3317, 0.0000,  6.9238, 1.0000)>
  MESH
  Cylinder.010_Cylinder.001
  <Matrix 4x4 ( 0.3820, 0.0000, -0.2379, 0.0000)
            (-0.0000, 0.4500, -0.0000, 0.0000)
            ( 0.2379, 0.0000,  0.3820, 0.0000)
            ( 6.3317, 0.0000,  6.9238, 1.0000)>
  MESH
  Plane.004
  <Matrix 4x4 ( 0.3820, 0.0000, -0.2379, 0.0000)
            (-0.0000, 0.4500, -0.0000, 0.0000)
            ( 0.2379, 0.0000,  0.3820, 0.0000)
            ( 6.3317, 0.0000,  6.9238, 1.0000)>
  MESH
  Plane.005
  <Matrix 4x4 ( 0.3820, 0.0000, -0.2379, 0.0000)
            (-0.0000, 0.4500, -0.0000, 0.0000)
            ( 0.2379, 0.0000,  0.3820, 0.0000)
            ( 6.3317, 0.0000,  6.9238, 1.0000)>
MESH
Chair.002
<Matrix 4x4 (-0.1124, 0.0000, -0.4357, 0.0000)
            (-0.0000, 0.4500,  0.0000, 0.0000)
            ( 0.4357, 0.0000, -0.1124, 0.0000)
            ( 3.2188, 0.0000,  5.3596, 1.0000)>
  MESH
  Cube_Cube.002
  <Matrix 4x4 (-0.1124, 0.0000, -0.4357, 0.0000)
            (-0.0000, 0.4500,  0.0000, 0.0000)
            ( 0.4357, 0.0000, -0.1124, 0.0000)
            ( 3.2188, 0.0000,  5.3596, 1.0000)>
  MESH
  Cylinder.001_Cylinder.002
  <Matrix 4x4 (-0.1124, 0.0000, -0.4357, 0.0000)
            (-0.0000, 0.4500,  0.0000, 0.0000)
            ( 0.4357, 0.0000, -0.1124, 0.0000)
            ( 3.2188, 0.0000,  5.3596, 1.0000)>
  MESH
  Cylinder.002
  <Matrix 4x4 (-0.1124, 0.0000, -0.4357, 0.0000)
            (-0.0000, 0.4500,  0.0000, 0.0000)
            ( 0.4357, 0.0000, -0.1124, 0.0000)
            ( 3.2188, 0.0000,  5.3596, 1.0000)>
  MESH
  Cylinder.002_Cylinder.002
  <Matrix 4x4 (-0.1124, 0.0000, -0.4357, 0.0000)
            (-0.0000, 0.4500,  0.0000, 0.0000)
            ( 0.4357, 0.0000, -0.1124, 0.0000)
            ( 3.2188, 0.0000,  5.3596, 1.0000)>
  MESH
  Cylinder.003_Cylinder.002
  <Matrix 4x4 (-0.1124, 0.0000, -0.4357, 0.0000)
            (-0.0000, 0.4500,  0.0000, 0.0000)
            ( 0.4357, 0.0000, -0.1124, 0.0000)
            ( 3.2188, 0.0000,  5.3596, 1.0000)>
  MESH
  Cylinder.004_Cylinder.002
  <Matrix 4x4 (-0.1124, 0.0000, -0.4357, 0.0000)
            (-0.0000, 0.4500,  0.0000, 0.0000)
            ( 0.4357, 0.0000, -0.1124, 0.0000)
            ( 3.2188, 0.0000,  5.3596, 1.0000)>
  MESH
  Cylinder.005_Cylinder.002
  <Matrix 4x4 (-0.1124, 0.0000, -0.4357, 0.0000)
            (-0.0000, 0.4500,  0.0000, 0.0000)
            ( 0.4357, 0.0000, -0.1124, 0.0000)
            ( 3.2188, 0.0000,  5.3596, 1.0000)>
  MESH
  Cylinder.006_Cylinder.002
  <Matrix 4x4 (-0.1124, 0.0000, -0.4357, 0.0000)
            (-0.0000, 0.4500,  0.0000, 0.0000)
            ( 0.4357, 0.0000, -0.1124, 0.0000)
            ( 3.2188, 0.0000,  5.3596, 1.0000)>
  MESH
  Cylinder.007_Cylinder.002
  <Matrix 4x4 (-0.1124, 0.0000, -0.4357, 0.0000)
            (-0.0000, 0.4500,  0.0000, 0.0000)
            ( 0.4357, 0.0000, -0.1124, 0.0000)
            ( 3.2188, 0.0000,  5.3596, 1.0000)>
  MESH
  Cylinder.008_Cylinder.002
  <Matrix 4x4 (-0.1124, 0.0000, -0.4357, 0.0000)
            (-0.0000, 0.4500,  0.0000, 0.0000)
            ( 0.4357, 0.0000, -0.1124, 0.0000)
            ( 3.2188, 0.0000,  5.3596, 1.0000)>
  MESH
  Cylinder.009_Cylinder.002
  <Matrix 4x4 (-0.1124, 0.0000, -0.4357, 0.0000)
            (-0.0000, 0.4500,  0.0000, 0.0000)
            ( 0.4357, 0.0000, -0.1124, 0.0000)
            ( 3.2188, 0.0000,  5.3596, 1.0000)>
  MESH
  Cylinder.010_Cylinder.002
  <Matrix 4x4 (-0.1124, 0.0000, -0.4357, 0.0000)
            (-0.0000, 0.4500,  0.0000, 0.0000)
            ( 0.4357, 0.0000, -0.1124, 0.0000)
            ( 3.2188, 0.0000,  5.3596, 1.0000)>
  MESH
  Plane.006
  <Matrix 4x4 (-0.1124, 0.0000, -0.4357, 0.0000)
            (-0.0000, 0.4500,  0.0000, 0.0000)
            ( 0.4357, 0.0000, -0.1124, 0.0000)
            ( 3.2188, 0.0000,  5.3596, 1.0000)>
  MESH
  Plane.007
  <Matrix 4x4 (-0.1124, 0.0000, -0.4357, 0.0000)
            (-0.0000, 0.4500,  0.0000, 0.0000)
            ( 0.4357, 0.0000, -0.1124, 0.0000)
            ( 3.2188, 0.0000,  5.3596, 1.0000)>
MESH
Chair.003
<Matrix 4x4 ( 0.0050, 0.0000, -0.4500, 0.0000)
            (-0.0000, 0.4500, -0.0000, 0.0000)
            ( 0.4500, 0.0000,  0.0050, 0.0000)
            ( 2.9989, 0.0000,  3.5596, 1.0000)>
  MESH
  Cube_Cube.003
  <Matrix 4x4 ( 0.0050, 0.0000, -0.4500, 0.0000)
            (-0.0000, 0.4500, -0.0000, 0.0000)
            ( 0.4500, 0.0000,  0.0050, 0.0000)
            ( 2.9989, 0.0000,  3.5596, 1.0000)>
  MESH
  Cylinder.001_Cylinder.003
  <Matrix 4x4 ( 0.0050, 0.0000, -0.4500, 0.0000)
            (-0.0000, 0.4500, -0.0000, 0.0000)
            ( 0.4500, 0.0000,  0.0050, 0.0000)
            ( 2.9989, 0.0000,  3.5596, 1.0000)>
  MESH
  Cylinder.002_Cylinder.003
  <Matrix 4x4 ( 0.0050, 0.0000, -0.4500, 0.0000)
            (-0.0000, 0.4500, -0.0000, 0.0000)
            ( 0.4500, 0.0000,  0.0050, 0.0000)
            ( 2.9989, 0.0000,  3.5596, 1.0000)>
  MESH
  Cylinder.003
  <Matrix 4x4 ( 0.0050, 0.0000, -0.4500, 0.0000)
            (-0.0000, 0.4500, -0.0000, 0.0000)
            ( 0.4500, 0.0000,  0.0050, 0.0000)
            ( 2.9989, 0.0000,  3.5596, 1.0000)>
  MESH
  Cylinder.003_Cylinder.003
  <Matrix 4x4 ( 0.0050, 0.0000, -0.4500, 0.0000)
            (-0.0000, 0.4500, -0.0000, 0.0000)
            ( 0.4500, 0.0000,  0.0050, 0.0000)
            ( 2.9989, 0.0000,  3.5596, 1.0000)>
  MESH
  Cylinder.004_Cylinder.003
  <Matrix 4x4 ( 0.0050, 0.0000, -0.4500, 0.0000)
            (-0.0000, 0.4500, -0.0000, 0.0000)
            ( 0.4500, 0.0000,  0.0050, 0.0000)
            ( 2.9989, 0.0000,  3.5596, 1.0000)>
  MESH
  Cylinder.005_Cylinder.003
  <Matrix 4x4 ( 0.0050, 0.0000, -0.4500, 0.0000)
            (-0.0000, 0.4500, -0.0000, 0.0000)
            ( 0.4500, 0.0000,  0.0050, 0.0000)
            ( 2.9989, 0.0000,  3.5596, 1.0000)>
  MESH
  Cylinder.006_Cylinder.003
  <Matrix 4x4 ( 0.0050, 0.0000, -0.4500, 0.0000)
            (-0.0000, 0.4500, -0.0000, 0.0000)
            ( 0.4500, 0.0000,  0.0050, 0.0000)
            ( 2.9989, 0.0000,  3.5596, 1.0000)>
  MESH
  Cylinder.007_Cylinder.003
  <Matrix 4x4 ( 0.0050, 0.0000, -0.4500, 0.0000)
            (-0.0000, 0.4500, -0.0000, 0.0000)
            ( 0.4500, 0.0000,  0.0050, 0.0000)
            ( 2.9989, 0.0000,  3.5596, 1.0000)>
  MESH
  Cylinder.008_Cylinder.003
  <Matrix 4x4 ( 0.0050, 0.0000, -0.4500, 0.0000)
            (-0.0000, 0.4500, -0.0000, 0.0000)
            ( 0.4500, 0.0000,  0.0050, 0.0000)
            ( 2.9989, 0.0000,  3.5596, 1.0000)>
  MESH
  Cylinder.009_Cylinder.003
  <Matrix 4x4 ( 0.0050, 0.0000, -0.4500, 0.0000)
            (-0.0000, 0.4500, -0.0000, 0.0000)
            ( 0.4500, 0.0000,  0.0050, 0.0000)
            ( 2.9989, 0.0000,  3.5596, 1.0000)>
  MESH
  Cylinder.010_Cylinder.003
  <Matrix 4x4 ( 0.0050, 0.0000, -0.4500, 0.0000)
            (-0.0000, 0.4500, -0.0000, 0.0000)
            ( 0.4500, 0.0000,  0.0050, 0.0000)
            ( 2.9989, 0.0000,  3.5596, 1.0000)>
  MESH
  Plane.008
  <Matrix 4x4 ( 0.0050, 0.0000, -0.4500, 0.0000)
            (-0.0000, 0.4500, -0.0000, 0.0000)
            ( 0.4500, 0.0000,  0.0050, 0.0000)
            ( 2.9989, 0.0000,  3.5596, 1.0000)>
  MESH
  Plane.009
  <Matrix 4x4 ( 0.0050, 0.0000, -0.4500, 0.0000)
            (-0.0000, 0.4500, -0.0000, 0.0000)
            ( 0.4500, 0.0000,  0.0050, 0.0000)
            ( 2.9989, 0.0000,  3.5596, 1.0000)>
MESH
Chair.004
<Matrix 4x4 (-0.0335, 0.0000,  0.4488, 0.0000)
            ( 0.0000, 0.4500,  0.0000, 0.0000)
            (-0.4488, 0.0000, -0.0335, 0.0000)
            ( 0.5264, 0.0000,  3.3139, 1.0000)>
  MESH
  Cube_Cube.004
  <Matrix 4x4 (-0.0335, 0.0000,  0.4488, 0.0000)
            ( 0.0000, 0.4500,  0.0000, 0.0000)
            (-0.4488, 0.0000, -0.0335, 0.0000)
            ( 0.5264, 0.0000,  3.3139, 1.0000)>
  MESH
  Cylinder.001_Cylinder.004
  <Matrix 4x4 (-0.0335, 0.0000,  0.4488, 0.0000)
            ( 0.0000, 0.4500,  0.0000, 0.0000)
            (-0.4488, 0.0000, -0.0335, 0.0000)
            ( 0.5264, 0.0000,  3.3139, 1.0000)>
  MESH
  Cylinder.002_Cylinder.004
  <Matrix 4x4 (-0.0335, 0.0000,  0.4488, 0.0000)
            ( 0.0000, 0.4500,  0.0000, 0.0000)
            (-0.4488, 0.0000, -0.0335, 0.0000)
            ( 0.5264, 0.0000,  3.3139, 1.0000)>
  MESH
  Cylinder.003_Cylinder.004
  <Matrix 4x4 (-0.0335, 0.0000,  0.4488, 0.0000)
            ( 0.0000, 0.4500,  0.0000, 0.0000)
            (-0.4488, 0.0000, -0.0335, 0.0000)
            ( 0.5264, 0.0000,  3.3139, 1.0000)>
  MESH
  Cylinder.004
  <Matrix 4x4 (-0.0335, 0.0000,  0.4488, 0.0000)
            ( 0.0000, 0.4500,  0.0000, 0.0000)
            (-0.4488, 0.0000, -0.0335, 0.0000)
            ( 0.5264, 0.0000,  3.3139, 1.0000)>
  MESH
  Cylinder.004_Cylinder.004
  <Matrix 4x4 (-0.0335, 0.0000,  0.4488, 0.0000)
            ( 0.0000, 0.4500,  0.0000, 0.0000)
            (-0.4488, 0.0000, -0.0335, 0.0000)
            ( 0.5264, 0.0000,  3.3139, 1.0000)>
  MESH
  Cylinder.005_Cylinder.004
  <Matrix 4x4 (-0.0335, 0.0000,  0.4488, 0.0000)
            ( 0.0000, 0.4500,  0.0000, 0.0000)
            (-0.4488, 0.0000, -0.0335, 0.0000)
            ( 0.5264, 0.0000,  3.3139, 1.0000)>
  MESH
  Cylinder.006_Cylinder.004
  <Matrix 4x4 (-0.0335, 0.0000,  0.4488, 0.0000)
            ( 0.0000, 0.4500,  0.0000, 0.0000)
            (-0.4488, 0.0000, -0.0335, 0.0000)
            ( 0.5264, 0.0000,  3.3139, 1.0000)>
  MESH
  Cylinder.007_Cylinder.004
  <Matrix 4x4 (-0.0335, 0.0000,  0.4488, 0.0000)
            ( 0.0000, 0.4500,  0.0000, 0.0000)
            (-0.4488, 0.0000, -0.0335, 0.0000)
            ( 0.5264, 0.0000,  3.3139, 1.0000)>
  MESH
  Cylinder.008_Cylinder.004
  <Matrix 4x4 (-0.0335, 0.0000,  0.4488, 0.0000)
            ( 0.0000, 0.4500,  0.0000, 0.0000)
            (-0.4488, 0.0000, -0.0335, 0.0000)
            ( 0.5264, 0.0000,  3.3139, 1.0000)>
  MESH
  Cylinder.009_Cylinder.004
  <Matrix 4x4 (-0.0335, 0.0000,  0.4488, 0.0000)
            ( 0.0000, 0.4500,  0.0000, 0.0000)
            (-0.4488, 0.0000, -0.0335, 0.0000)
            ( 0.5264, 0.0000,  3.3139, 1.0000)>
  MESH
  Cylinder.010_Cylinder.004
  <Matrix 4x4 (-0.0335, 0.0000,  0.4488, 0.0000)
            ( 0.0000, 0.4500,  0.0000, 0.0000)
            (-0.4488, 0.0000, -0.0335, 0.0000)
            ( 0.5264, 0.0000,  3.3139, 1.0000)>
  MESH
  Plane.010
  <Matrix 4x4 (-0.0335, 0.0000,  0.4488, 0.0000)
            ( 0.0000, 0.4500,  0.0000, 0.0000)
            (-0.4488, 0.0000, -0.0335, 0.0000)
            ( 0.5264, 0.0000,  3.3139, 1.0000)>
  MESH
  Plane.011
  <Matrix 4x4 (-0.0335, 0.0000,  0.4488, 0.0000)
            ( 0.0000, 0.4500,  0.0000, 0.0000)
            (-0.4488, 0.0000, -0.0335, 0.0000)
            ( 0.5264, 0.0000,  3.3139, 1.0000)>
MESH
Chair.005
<Matrix 4x4 (-0.3950, 0.0000,  0.2155, 0.0000)
            ( 0.0000, 0.4500,  0.0000, 0.0000)
            (-0.2155, 0.0000, -0.3950, 0.0000)
            ( 0.6592, 0.0000,  5.0323, 1.0000)>
  MESH
  Cube_Cube.005
  <Matrix 4x4 (-0.3950, 0.0000,  0.2155, 0.0000)
            ( 0.0000, 0.4500,  0.0000, 0.0000)
            (-0.2155, 0.0000, -0.3950, 0.0000)
            ( 0.6592, 0.0000,  5.0323, 1.0000)>
  MESH
  Cylinder.001_Cylinder.006
  <Matrix 4x4 (-0.3950, 0.0000,  0.2155, 0.0000)
            ( 0.0000, 0.4500,  0.0000, 0.0000)
            (-0.2155, 0.0000, -0.3950, 0.0000)
            ( 0.6592, 0.0000,  5.0323, 1.0000)>
  MESH
  Cylinder.002_Cylinder.005
  <Matrix 4x4 (-0.3950, 0.0000,  0.2155, 0.0000)
            ( 0.0000, 0.4500,  0.0000, 0.0000)
            (-0.2155, 0.0000, -0.3950, 0.0000)
            ( 0.6592, 0.0000,  5.0323, 1.0000)>
  MESH
  Cylinder.003_Cylinder.005
  <Matrix 4x4 (-0.3950, 0.0000,  0.2155, 0.0000)
            ( 0.0000, 0.4500,  0.0000, 0.0000)
            (-0.2155, 0.0000, -0.3950, 0.0000)
            ( 0.6592, 0.0000,  5.0323, 1.0000)>
  MESH
  Cylinder.004_Cylinder.005
  <Matrix 4x4 (-0.3950, 0.0000,  0.2155, 0.0000)
            ( 0.0000, 0.4500,  0.0000, 0.0000)
            (-0.2155, 0.0000, -0.3950, 0.0000)
            ( 0.6592, 0.0000,  5.0323, 1.0000)>
  MESH
  Cylinder.005
  <Matrix 4x4 (-0.3950, 0.0000,  0.2155, 0.0000)
            ( 0.0000, 0.4500,  0.0000, 0.0000)
            (-0.2155, 0.0000, -0.3950, 0.0000)
            ( 0.6592, 0.0000,  5.0323, 1.0000)>
  MESH
  Cylinder.005_Cylinder.005
  <Matrix 4x4 (-0.3950, 0.0000,  0.2155, 0.0000)
            ( 0.0000, 0.4500,  0.0000, 0.0000)
            (-0.2155, 0.0000, -0.3950, 0.0000)
            ( 0.6592, 0.0000,  5.0323, 1.0000)>
  MESH
  Cylinder.006_Cylinder.005
  <Matrix 4x4 (-0.3950, 0.0000,  0.2155, 0.0000)
            ( 0.0000, 0.4500,  0.0000, 0.0000)
            (-0.2155, 0.0000, -0.3950, 0.0000)
            ( 0.6592, 0.0000,  5.0323, 1.0000)>
  MESH
  Cylinder.007_Cylinder.005
  <Matrix 4x4 (-0.3950, 0.0000,  0.2155, 0.0000)
            ( 0.0000, 0.4500,  0.0000, 0.0000)
            (-0.2155, 0.0000, -0.3950, 0.0000)
            ( 0.6592, 0.0000,  5.0323, 1.0000)>
  MESH
  Cylinder.008_Cylinder.005
  <Matrix 4x4 (-0.3950, 0.0000,  0.2155, 0.0000)
            ( 0.0000, 0.4500,  0.0000, 0.0000)
            (-0.2155, 0.0000, -0.3950, 0.0000)
            ( 0.6592, 0.0000,  5.0323, 1.0000)>
  MESH
  Cylinder.009_Cylinder.005
  <Matrix 4x4 (-0.3950, 0.0000,  0.2155, 0.0000)
            ( 0.0000, 0.4500,  0.0000, 0.0000)
            (-0.2155, 0.0000, -0.3950, 0.0000)
            ( 0.6592, 0.0000,  5.0323, 1.0000)>
  MESH
  Cylinder.010_Cylinder.005
  <Matrix 4x4 (-0.3950, 0.0000,  0.2155, 0.0000)
            ( 0.0000, 0.4500,  0.0000, 0.0000)
            (-0.2155, 0.0000, -0.3950, 0.0000)
            ( 0.6592, 0.0000,  5.0323, 1.0000)>
  MESH
  Plane.012
  <Matrix 4x4 (-0.3950, 0.0000,  0.2155, 0.0000)
            ( 0.0000, 0.4500,  0.0000, 0.0000)
            (-0.2155, 0.0000, -0.3950, 0.0000)
            ( 0.6592, 0.0000,  5.0323, 1.0000)>
  MESH
  Plane.013
  <Matrix 4x4 (-0.3950, 0.0000,  0.2155, 0.0000)
            ( 0.0000, 0.4500,  0.0000, 0.0000)
            (-0.2155, 0.0000, -0.3950, 0.0000)
            ( 0.6592, 0.0000,  5.0323, 1.0000)>
MESH
Chair.006
<Matrix 4x4 (-0.2121, 0.0000,  0.3969, 0.0000)
            ( 0.0000, 0.4500,  0.0000, 0.0000)
            (-0.3969, 0.0000, -0.2121, 0.0000)
            (-2.8865, 0.0000,  5.0323, 1.0000)>
  MESH
  Cube_Cube.007
  <Matrix 4x4 (-0.2121, 0.0000,  0.3969, 0.0000)
            ( 0.0000, 0.4500,  0.0000, 0.0000)
            (-0.3969, 0.0000, -0.2121, 0.0000)
            (-2.8865, 0.0000,  5.0323, 1.0000)>
  MESH
  Cylinder.001_Cylinder.007
  <Matrix 4x4 (-0.2121, 0.0000,  0.3969, 0.0000)
            ( 0.0000, 0.4500,  0.0000, 0.0000)
            (-0.3969, 0.0000, -0.2121, 0.0000)
            (-2.8865, 0.0000,  5.0323, 1.0000)>
  MESH
  Cylinder.002_Cylinder.007
  <Matrix 4x4 (-0.2121, 0.0000,  0.3969, 0.0000)
            ( 0.0000, 0.4500,  0.0000, 0.0000)
            (-0.3969, 0.0000, -0.2121, 0.0000)
            (-2.8865, 0.0000,  5.0323, 1.0000)>
  MESH
  Cylinder.003_Cylinder.006
  <Matrix 4x4 (-0.2121, 0.0000,  0.3969, 0.0000)
            ( 0.0000, 0.4500,  0.0000, 0.0000)
            (-0.3969, 0.0000, -0.2121, 0.0000)
            (-2.8865, 0.0000,  5.0323, 1.0000)>
  MESH
  Cylinder.004_Cylinder.006
  <Matrix 4x4 (-0.2121, 0.0000,  0.3969, 0.0000)
            ( 0.0000, 0.4500,  0.0000, 0.0000)
            (-0.3969, 0.0000, -0.2121, 0.0000)
            (-2.8865, 0.0000,  5.0323, 1.0000)>
  MESH
  Cylinder.005_Cylinder.006
  <Matrix 4x4 (-0.2121, 0.0000,  0.3969, 0.0000)
            ( 0.0000, 0.4500,  0.0000, 0.0000)
            (-0.3969, 0.0000, -0.2121, 0.0000)
            (-2.8865, 0.0000,  5.0323, 1.0000)>
  MESH
  Cylinder.006
  <Matrix 4x4 (-0.2121, 0.0000,  0.3969, 0.0000)
            ( 0.0000, 0.4500,  0.0000, 0.0000)
            (-0.3969, 0.0000, -0.2121, 0.0000)
            (-2.8865, 0.0000,  5.0323, 1.0000)>
  MESH
  Cylinder.006_Cylinder.006
  <Matrix 4x4 (-0.2121, 0.0000,  0.3969, 0.0000)
            ( 0.0000, 0.4500,  0.0000, 0.0000)
            (-0.3969, 0.0000, -0.2121, 0.0000)
            (-2.8865, 0.0000,  5.0323, 1.0000)>
  MESH
  Cylinder.007_Cylinder.006
  <Matrix 4x4 (-0.2121, 0.0000,  0.3969, 0.0000)
            ( 0.0000, 0.4500,  0.0000, 0.0000)
            (-0.3969, 0.0000, -0.2121, 0.0000)
            (-2.8865, 0.0000,  5.0323, 1.0000)>
  MESH
  Cylinder.008_Cylinder.006
  <Matrix 4x4 (-0.2121, 0.0000,  0.3969, 0.0000)
            ( 0.0000, 0.4500,  0.0000, 0.0000)
            (-0.3969, 0.0000, -0.2121, 0.0000)
            (-2.8865, 0.0000,  5.0323, 1.0000)>
  MESH
  Cylinder.009_Cylinder.006
  <Matrix 4x4 (-0.2121, 0.0000,  0.3969, 0.0000)
            ( 0.0000, 0.4500,  0.0000, 0.0000)
            (-0.3969, 0.0000, -0.2121, 0.0000)
            (-2.8865, 0.0000,  5.0323, 1.0000)>
  MESH
  Cylinder.010_Cylinder.006
  <Matrix 4x4 (-0.2121, 0.0000,  0.3969, 0.0000)
            ( 0.0000, 0.4500,  0.0000, 0.0000)
            (-0.3969, 0.0000, -0.2121, 0.0000)
            (-2.8865, 0.0000,  5.0323, 1.0000)>
  MESH
  Plane.014
  <Matrix 4x4 (-0.2121, 0.0000,  0.3969, 0.0000)
            ( 0.0000, 0.4500,  0.0000, 0.0000)
            (-0.3969, 0.0000, -0.2121, 0.0000)
            (-2.8865, 0.0000,  5.0323, 1.0000)>
  MESH
  Plane.015
  <Matrix 4x4 (-0.2121, 0.0000,  0.3969, 0.0000)
            ( 0.0000, 0.4500,  0.0000, 0.0000)
            (-0.3969, 0.0000, -0.2121, 0.0000)
            (-2.8865, 0.0000,  5.0323, 1.0000)>
MESH
Chair.007
<Matrix 4x4 ( 0.3746,  0.0000,  0.2493, 0.0000)
            ( 0.0000,  0.4500, -0.0000, 0.0000)
            (-0.2493,  0.0000,  0.3746, 0.0000)
            (-2.6658, -0.0000,  8.2644, 1.0000)>
  MESH
  Cube_Cube.008
  <Matrix 4x4 ( 0.3746,  0.0000,  0.2493, 0.0000)
            ( 0.0000,  0.4500, -0.0000, 0.0000)
            (-0.2493,  0.0000,  0.3746, 0.0000)
            (-2.6658, -0.0000,  8.2644, 1.0000)>
  MESH
  Cylinder.001_Cylinder.008
  <Matrix 4x4 ( 0.3746,  0.0000,  0.2493, 0.0000)
            ( 0.0000,  0.4500, -0.0000, 0.0000)
            (-0.2493,  0.0000,  0.3746, 0.0000)
            (-2.6658, -0.0000,  8.2644, 1.0000)>
  MESH
  Cylinder.002_Cylinder.008
  <Matrix 4x4 ( 0.3746,  0.0000,  0.2493, 0.0000)
            ( 0.0000,  0.4500, -0.0000, 0.0000)
            (-0.2493,  0.0000,  0.3746, 0.0000)
            (-2.6658, -0.0000,  8.2644, 1.0000)>
  MESH
  Cylinder.003_Cylinder.008
  <Matrix 4x4 ( 0.3746,  0.0000,  0.2493, 0.0000)
            ( 0.0000,  0.4500, -0.0000, 0.0000)
            (-0.2493,  0.0000,  0.3746, 0.0000)
            (-2.6658, -0.0000,  8.2644, 1.0000)>
  MESH
  Cylinder.004_Cylinder.007
  <Matrix 4x4 ( 0.3746,  0.0000,  0.2493, 0.0000)
            ( 0.0000,  0.4500, -0.0000, 0.0000)
            (-0.2493,  0.0000,  0.3746, 0.0000)
            (-2.6658, -0.0000,  8.2644, 1.0000)>
  MESH
  Cylinder.005_Cylinder.007
  <Matrix 4x4 ( 0.3746,  0.0000,  0.2493, 0.0000)
            ( 0.0000,  0.4500, -0.0000, 0.0000)
            (-0.2493,  0.0000,  0.3746, 0.0000)
            (-2.6658, -0.0000,  8.2644, 1.0000)>
  MESH
  Cylinder.006_Cylinder.007
  <Matrix 4x4 ( 0.3746,  0.0000,  0.2493, 0.0000)
            ( 0.0000,  0.4500, -0.0000, 0.0000)
            (-0.2493,  0.0000,  0.3746, 0.0000)
            (-2.6658, -0.0000,  8.2644, 1.0000)>
  MESH
  Cylinder.007
  <Matrix 4x4 ( 0.3746,  0.0000,  0.2493, 0.0000)
            ( 0.0000,  0.4500, -0.0000, 0.0000)
            (-0.2493,  0.0000,  0.3746, 0.0000)
            (-2.6658, -0.0000,  8.2644, 1.0000)>
  MESH
  Cylinder.007_Cylinder.007
  <Matrix 4x4 ( 0.3746,  0.0000,  0.2493, 0.0000)
            ( 0.0000,  0.4500, -0.0000, 0.0000)
            (-0.2493,  0.0000,  0.3746, 0.0000)
            (-2.6658, -0.0000,  8.2644, 1.0000)>
  MESH
  Cylinder.008_Cylinder.007
  <Matrix 4x4 ( 0.3746,  0.0000,  0.2493, 0.0000)
            ( 0.0000,  0.4500, -0.0000, 0.0000)
            (-0.2493,  0.0000,  0.3746, 0.0000)
            (-2.6658, -0.0000,  8.2644, 1.0000)>
  MESH
  Cylinder.009_Cylinder.007
  <Matrix 4x4 ( 0.3746,  0.0000,  0.2493, 0.0000)
            ( 0.0000,  0.4500, -0.0000, 0.0000)
            (-0.2493,  0.0000,  0.3746, 0.0000)
            (-2.6658, -0.0000,  8.2644, 1.0000)>
  MESH
  Cylinder.010_Cylinder.007
  <Matrix 4x4 ( 0.3746,  0.0000,  0.2493, 0.0000)
            ( 0.0000,  0.4500, -0.0000, 0.0000)
            (-0.2493,  0.0000,  0.3746, 0.0000)
            (-2.6658, -0.0000,  8.2644, 1.0000)>
  MESH
  Plane.016
  <Matrix 4x4 ( 0.3746,  0.0000,  0.2493, 0.0000)
            ( 0.0000,  0.4500, -0.0000, 0.0000)
            (-0.2493,  0.0000,  0.3746, 0.0000)
            (-2.6658, -0.0000,  8.2644, 1.0000)>
  MESH
  Plane.017
  <Matrix 4x4 ( 0.3746,  0.0000,  0.2493, 0.0000)
            ( 0.0000,  0.4500, -0.0000, 0.0000)
            (-0.2493,  0.0000,  0.3746, 0.0000)
            (-2.6658, -0.0000,  8.2644, 1.0000)>
MESH
Chair.008
<Matrix 4x4 (-0.4236,  0.0000,  0.1519, 0.0000)
            ( 0.0000,  0.4500,  0.0000, 0.0000)
            (-0.1519,  0.0000, -0.4236, 0.0000)
            (-2.8084, -0.0000,  2.5890, 1.0000)>
  MESH
  Cube_Cube.009
  <Matrix 4x4 (-0.4236,  0.0000,  0.1519, 0.0000)
            ( 0.0000,  0.4500,  0.0000, 0.0000)
            (-0.1519,  0.0000, -0.4236, 0.0000)
            (-2.8084, -0.0000,  2.5890, 1.0000)>
  MESH
  Cylinder.001_Cylinder.009
  <Matrix 4x4 (-0.4236,  0.0000,  0.1519, 0.0000)
            ( 0.0000,  0.4500,  0.0000, 0.0000)
            (-0.1519,  0.0000, -0.4236, 0.0000)
            (-2.8084, -0.0000,  2.5890, 1.0000)>
  MESH
  Cylinder.002_Cylinder.009
  <Matrix 4x4 (-0.4236,  0.0000,  0.1519, 0.0000)
            ( 0.0000,  0.4500,  0.0000, 0.0000)
            (-0.1519,  0.0000, -0.4236, 0.0000)
            (-2.8084, -0.0000,  2.5890, 1.0000)>
  MESH
  Cylinder.003_Cylinder.009
  <Matrix 4x4 (-0.4236,  0.0000,  0.1519, 0.0000)
            ( 0.0000,  0.4500,  0.0000, 0.0000)
            (-0.1519,  0.0000, -0.4236, 0.0000)
            (-2.8084, -0.0000,  2.5890, 1.0000)>
  MESH
  Cylinder.004_Cylinder.009
  <Matrix 4x4 (-0.4236,  0.0000,  0.1519, 0.0000)
            ( 0.0000,  0.4500,  0.0000, 0.0000)
            (-0.1519,  0.0000, -0.4236, 0.0000)
            (-2.8084, -0.0000,  2.5890, 1.0000)>
  MESH
  Cylinder.005_Cylinder.008
  <Matrix 4x4 (-0.4236,  0.0000,  0.1519, 0.0000)
            ( 0.0000,  0.4500,  0.0000, 0.0000)
            (-0.1519,  0.0000, -0.4236, 0.0000)
            (-2.8084, -0.0000,  2.5890, 1.0000)>
  MESH
  Cylinder.006_Cylinder.008
  <Matrix 4x4 (-0.4236,  0.0000,  0.1519, 0.0000)
            ( 0.0000,  0.4500,  0.0000, 0.0000)
            (-0.1519,  0.0000, -0.4236, 0.0000)
            (-2.8084, -0.0000,  2.5890, 1.0000)>
  MESH
  Cylinder.007_Cylinder.008
  <Matrix 4x4 (-0.4236,  0.0000,  0.1519, 0.0000)
            ( 0.0000,  0.4500,  0.0000, 0.0000)
            (-0.1519,  0.0000, -0.4236, 0.0000)
            (-2.8084, -0.0000,  2.5890, 1.0000)>
  MESH
  Cylinder.008
  <Matrix 4x4 (-0.4236,  0.0000,  0.1519, 0.0000)
            ( 0.0000,  0.4500,  0.0000, 0.0000)
            (-0.1519,  0.0000, -0.4236, 0.0000)
            (-2.8084, -0.0000,  2.5890, 1.0000)>
  MESH
  Cylinder.008_Cylinder.008
  <Matrix 4x4 (-0.4236,  0.0000,  0.1519, 0.0000)
            ( 0.0000,  0.4500,  0.0000, 0.0000)
            (-0.1519,  0.0000, -0.4236, 0.0000)
            (-2.8084, -0.0000,  2.5890, 1.0000)>
  MESH
  Cylinder.009_Cylinder.008
  <Matrix 4x4 (-0.4236,  0.0000,  0.1519, 0.0000)
            ( 0.0000,  0.4500,  0.0000, 0.0000)
            (-0.1519,  0.0000, -0.4236, 0.0000)
            (-2.8084, -0.0000,  2.5890, 1.0000)>
  MESH
  Cylinder.010_Cylinder.008
  <Matrix 4x4 (-0.4236,  0.0000,  0.1519, 0.0000)
            ( 0.0000,  0.4500,  0.0000, 0.0000)
            (-0.1519,  0.0000, -0.4236, 0.0000)
            (-2.8084, -0.0000,  2.5890, 1.0000)>
  MESH
  Plane.018
  <Matrix 4x4 (-0.4236,  0.0000,  0.1519, 0.0000)
            ( 0.0000,  0.4500,  0.0000, 0.0000)
            (-0.1519,  0.0000, -0.4236, 0.0000)
            (-2.8084, -0.0000,  2.5890, 1.0000)>
  MESH
  Plane.019
  <Matrix 4x4 (-0.4236,  0.0000,  0.1519, 0.0000)
            ( 0.0000,  0.4500,  0.0000, 0.0000)
            (-0.1519,  0.0000, -0.4236, 0.0000)
            (-2.8084, -0.0000,  2.5890, 1.0000)>
MESH
Chair.009
<Matrix 4x4 (-0.4407,  0.0000, -0.0910, 0.0000)
            (-0.0000,  0.4500,  0.0000, 0.0000)
            ( 0.0910,  0.0000, -0.4407, 0.0000)
            (-2.8084, -0.0000,  0.2595, 1.0000)>
  MESH
  Cube_Cube.010
  <Matrix 4x4 (-0.4407,  0.0000, -0.0910, 0.0000)
            (-0.0000,  0.4500,  0.0000, 0.0000)
            ( 0.0910,  0.0000, -0.4407, 0.0000)
            (-2.8084, -0.0000,  0.2595, 1.0000)>
  MESH
  Cylinder.001_Cylinder.010
  <Matrix 4x4 (-0.4407,  0.0000, -0.0910, 0.0000)
            (-0.0000,  0.4500,  0.0000, 0.0000)
            ( 0.0910,  0.0000, -0.4407, 0.0000)
            (-2.8084, -0.0000,  0.2595, 1.0000)>
  MESH
  Cylinder.002_Cylinder.010
  <Matrix 4x4 (-0.4407,  0.0000, -0.0910, 0.0000)
            (-0.0000,  0.4500,  0.0000, 0.0000)
            ( 0.0910,  0.0000, -0.4407, 0.0000)
            (-2.8084, -0.0000,  0.2595, 1.0000)>
  MESH
  Cylinder.003_Cylinder.010
  <Matrix 4x4 (-0.4407,  0.0000, -0.0910, 0.0000)
            (-0.0000,  0.4500,  0.0000, 0.0000)
            ( 0.0910,  0.0000, -0.4407, 0.0000)
            (-2.8084, -0.0000,  0.2595, 1.0000)>
  MESH
  Cylinder.004_Cylinder.010
  <Matrix 4x4 (-0.4407,  0.0000, -0.0910, 0.0000)
            (-0.0000,  0.4500,  0.0000, 0.0000)
            ( 0.0910,  0.0000, -0.4407, 0.0000)
            (-2.8084, -0.0000,  0.2595, 1.0000)>
  MESH
  Cylinder.005_Cylinder.010
  <Matrix 4x4 (-0.4407,  0.0000, -0.0910, 0.0000)
            (-0.0000,  0.4500,  0.0000, 0.0000)
            ( 0.0910,  0.0000, -0.4407, 0.0000)
            (-2.8084, -0.0000,  0.2595, 1.0000)>
  MESH
  Cylinder.006_Cylinder.009
  <Matrix 4x4 (-0.4407,  0.0000, -0.0910, 0.0000)
            (-0.0000,  0.4500,  0.0000, 0.0000)
            ( 0.0910,  0.0000, -0.4407, 0.0000)
            (-2.8084, -0.0000,  0.2595, 1.0000)>
  MESH
  Cylinder.007_Cylinder.009
  <Matrix 4x4 (-0.4407,  0.0000, -0.0910, 0.0000)
            (-0.0000,  0.4500,  0.0000, 0.0000)
            ( 0.0910,  0.0000, -0.4407, 0.0000)
            (-2.8084, -0.0000,  0.2595, 1.0000)>
  MESH
  Cylinder.008_Cylinder.009
  <Matrix 4x4 (-0.4407,  0.0000, -0.0910, 0.0000)
            (-0.0000,  0.4500,  0.0000, 0.0000)
            ( 0.0910,  0.0000, -0.4407, 0.0000)
            (-2.8084, -0.0000,  0.2595, 1.0000)>
  MESH
  Cylinder.009
  <Matrix 4x4 (-0.4407,  0.0000, -0.0910, 0.0000)
            (-0.0000,  0.4500,  0.0000, 0.0000)
            ( 0.0910,  0.0000, -0.4407, 0.0000)
            (-2.8084, -0.0000,  0.2595, 1.0000)>
  MESH
  Cylinder.009_Cylinder.009
  <Matrix 4x4 (-0.4407,  0.0000, -0.0910, 0.0000)
            (-0.0000,  0.4500,  0.0000, 0.0000)
            ( 0.0910,  0.0000, -0.4407, 0.0000)
            (-2.8084, -0.0000,  0.2595, 1.0000)>
  MESH
  Cylinder.010_Cylinder.009
  <Matrix 4x4 (-0.4407,  0.0000, -0.0910, 0.0000)
            (-0.0000,  0.4500,  0.0000, 0.0000)
            ( 0.0910,  0.0000, -0.4407, 0.0000)
            (-2.8084, -0.0000,  0.2595, 1.0000)>
  MESH
  Plane.020
  <Matrix 4x4 (-0.4407,  0.0000, -0.0910, 0.0000)
            (-0.0000,  0.4500,  0.0000, 0.0000)
            ( 0.0910,  0.0000, -0.4407, 0.0000)
            (-2.8084, -0.0000,  0.2595, 1.0000)>
  MESH
  Plane.021
  <Matrix 4x4 (-0.4407,  0.0000, -0.0910, 0.0000)
            (-0.0000,  0.4500,  0.0000, 0.0000)
            ( 0.0910,  0.0000, -0.4407, 0.0000)
            (-2.8084, -0.0000,  0.2595, 1.0000)>
MESH
Chair.010
<Matrix 4x4 (-0.1611,  0.0000,  0.4202, 0.0000)
            ( 0.0000,  0.4500,  0.0000, 0.0000)
            (-0.4202,  0.0000, -0.1611, 0.0000)
            (-2.8084, -0.0000, -2.7861, 1.0000)>
  MESH
  Cube_Cube.011
  <Matrix 4x4 (-0.1611,  0.0000,  0.4202, 0.0000)
            ( 0.0000,  0.4500,  0.0000, 0.0000)
            (-0.4202,  0.0000, -0.1611, 0.0000)
            (-2.8084, -0.0000, -2.7861, 1.0000)>
  MESH
  Cylinder.001_Cylinder.011
  <Matrix 4x4 (-0.1611,  0.0000,  0.4202, 0.0000)
            ( 0.0000,  0.4500,  0.0000, 0.0000)
            (-0.4202,  0.0000, -0.1611, 0.0000)
            (-2.8084, -0.0000, -2.7861, 1.0000)>
  MESH
  Cylinder.002_Cylinder.011
  <Matrix 4x4 (-0.1611,  0.0000,  0.4202, 0.0000)
            ( 0.0000,  0.4500,  0.0000, 0.0000)
            (-0.4202,  0.0000, -0.1611, 0.0000)
            (-2.8084, -0.0000, -2.7861, 1.0000)>
  MESH
  Cylinder.003_Cylinder.011
  <Matrix 4x4 (-0.1611,  0.0000,  0.4202, 0.0000)
            ( 0.0000,  0.4500,  0.0000, 0.0000)
            (-0.4202,  0.0000, -0.1611, 0.0000)
            (-2.8084, -0.0000, -2.7861, 1.0000)>
  MESH
  Cylinder.004_Cylinder.011
  <Matrix 4x4 (-0.1611,  0.0000,  0.4202, 0.0000)
            ( 0.0000,  0.4500,  0.0000, 0.0000)
            (-0.4202,  0.0000, -0.1611, 0.0000)
            (-2.8084, -0.0000, -2.7861, 1.0000)>
  MESH
  Cylinder.005_Cylinder.011
  <Matrix 4x4 (-0.1611,  0.0000,  0.4202, 0.0000)
            ( 0.0000,  0.4500,  0.0000, 0.0000)
            (-0.4202,  0.0000, -0.1611, 0.0000)
            (-2.8084, -0.0000, -2.7861, 1.0000)>
  MESH
  Cylinder.006_Cylinder.010
  <Matrix 4x4 (-0.1611,  0.0000,  0.4202, 0.0000)
            ( 0.0000,  0.4500,  0.0000, 0.0000)
            (-0.4202,  0.0000, -0.1611, 0.0000)
            (-2.8084, -0.0000, -2.7861, 1.0000)>
  MESH
  Cylinder.007_Cylinder.010
  <Matrix 4x4 (-0.1611,  0.0000,  0.4202, 0.0000)
            ( 0.0000,  0.4500,  0.0000, 0.0000)
            (-0.4202,  0.0000, -0.1611, 0.0000)
            (-2.8084, -0.0000, -2.7861, 1.0000)>
  MESH
  Cylinder.008_Cylinder.010
  <Matrix 4x4 (-0.1611,  0.0000,  0.4202, 0.0000)
            ( 0.0000,  0.4500,  0.0000, 0.0000)
            (-0.4202,  0.0000, -0.1611, 0.0000)
            (-2.8084, -0.0000, -2.7861, 1.0000)>
  MESH
  Cylinder.009_Cylinder.010
  <Matrix 4x4 (-0.1611,  0.0000,  0.4202, 0.0000)
            ( 0.0000,  0.4500,  0.0000, 0.0000)
            (-0.4202,  0.0000, -0.1611, 0.0000)
            (-2.8084, -0.0000, -2.7861, 1.0000)>
  MESH
  Cylinder.010
  <Matrix 4x4 (-0.1611,  0.0000,  0.4202, 0.0000)
            ( 0.0000,  0.4500,  0.0000, 0.0000)
            (-0.4202,  0.0000, -0.1611, 0.0000)
            (-2.8084, -0.0000, -2.7861, 1.0000)>
  MESH
  Cylinder.010_Cylinder.010
  <Matrix 4x4 (-0.1611,  0.0000,  0.4202, 0.0000)
            ( 0.0000,  0.4500,  0.0000, 0.0000)
            (-0.4202,  0.0000, -0.1611, 0.0000)
            (-2.8084, -0.0000, -2.7861, 1.0000)>
  MESH
  Plane.022
  <Matrix 4x4 (-0.1611,  0.0000,  0.4202, 0.0000)
            ( 0.0000,  0.4500,  0.0000, 0.0000)
            (-0.4202,  0.0000, -0.1611, 0.0000)
            (-2.8084, -0.0000, -2.7861, 1.0000)>
  MESH
  Plane.023
  <Matrix 4x4 (-0.1611,  0.0000,  0.4202, 0.0000)
            ( 0.0000,  0.4500,  0.0000, 0.0000)
            (-0.4202,  0.0000, -0.1611, 0.0000)
            (-2.8084, -0.0000, -2.7861, 1.0000)>
LIGHT
Area
<Matrix 4x4 (1.0000,  0.0000, 0.0000, 0.0000)
            (0.0000,  0.0000, 1.0000, 0.0000)
            (0.0000, -1.0000, 0.0000, 0.0000)
            (1.7584,  3.0794, 2.1555, 1.0000)>
LIGHT
Area.001
<Matrix 4x4 (1.0000,  0.0000, 0.0000, 0.0000)
            (0.0000,  0.0000, 1.0000, 0.0000)
            (0.0000, -1.0000, 0.0000, 0.0000)
            (1.7584,  3.0794, 5.4378, 1.0000)>
LIGHT
Area.002
<Matrix 4x4 (1.0000,  0.0000, 0.0000, 0.0000)
            (0.0000,  0.0000, 1.0000, 0.0000)
            (0.0000, -1.0000, 0.0000, 0.0000)
            (5.7940,  3.0794, 2.1523, 1.0000)>
LIGHT
Area.003
<Matrix 4x4 (1.0000,  0.0000, 0.0000, 0.0000)
            (0.0000,  0.0000, 1.0000, 0.0000)
            (0.0000, -1.0000, 0.0000, 0.0000)
            (5.7871,  3.0794, 5.4378, 1.0000)>
LIGHT
Area.004
<Matrix 4x4 ( 1.0000,  0.0000, 0.0000, 0.0000)
            ( 0.0000,  0.0000, 1.0000, 0.0000)
            ( 0.0000, -1.0000, 0.0000, 0.0000)
            (-2.3017,  3.0794, 5.4378, 1.0000)>
LIGHT
Area.005
<Matrix 4x4 ( 1.0000,  0.0000, 0.0000, 0.0000)
            ( 0.0000,  0.0000, 1.0000, 0.0000)
            ( 0.0000, -1.0000, 0.0000, 0.0000)
            (-2.3256,  3.0794, 2.1062, 1.0000)>
LIGHT
Area.006
<Matrix 4x4 ( 1.0000,  0.0000,  0.0000, 0.0000)
            ( 0.0000,  0.0000,  1.0000, 0.0000)
            ( 0.0000, -1.0000,  0.0000, 0.0000)
            (-2.3105,  3.0794, -2.0354, 1.0000)>
MESH
Cube
<Matrix 4x4 (0.0750,  0.0000, 0.0000, 0.0000)
            (0.0000,  0.0000, 0.0750, 0.0000)
            (0.0000, -0.9260, 0.0000, 0.0000)
            (4.9849,  0.9044, 6.9136, 1.0000)>
MESH
Cube.026
<Matrix 4x4 (0.0750, -0.0000, -0.0000, 0.0000)
            (0.0000,  0.0750,  0.0000, 0.0000)
            (0.0000, -0.0000,  0.8157, 0.0000)
            (4.9849,  1.7774,  6.1756, 1.0000)>
MESH
Desk_Plane.005
<Matrix 4x4 (-0.1847,  0.0000, -0.0000, 0.0000)
            (-0.0000,  0.1847,  0.0000, 0.0000)
            ( 0.0000,  0.0000, -0.1847, 0.0000)
            ( 2.5105, -0.0000,  5.3184, 1.0000)>
MESH
Desk_Plane.001
<Matrix 4x4 (-0.1847,  0.0000, -0.0000, 0.0000)
            (-0.0000,  0.1847,  0.0000, 0.0000)
            ( 0.0000,  0.0000, -0.1847, 0.0000)
            ( 2.5622, -0.0000,  3.3886, 1.0000)>
MESH
Desk_Plane.002
<Matrix 4x4 (-0.0000,  0.0000,  0.1847, 0.0000)
            ( 0.0000,  0.1847,  0.0000, 0.0000)
            (-0.1847,  0.0000, -0.0000, 0.0000)
            ( 6.0921, -0.0000,  4.6550, 1.0000)>
MESH
Desk_Plane.003
<Matrix 4x4 (-0.0000,  0.0000, -0.1847, 0.0000)
            (-0.0000,  0.1847,  0.0000, 0.0000)
            ( 0.1847,  0.0000, -0.0000, 0.0000)
            ( 6.1296, -0.0000,  6.1492, 1.0000)>
MESH
Desk_Plane.006
<Matrix 4x4 (-0.1847,  0.0000, -0.0000, 0.0000)
            (-0.0000,  0.1847,  0.0000, 0.0000)
            ( 0.0000,  0.0000, -0.1847, 0.0000)
            ( 1.5787, -0.0000,  3.3026, 1.0000)>
MESH
Desk_Plane.004
<Matrix 4x4 (-0.1847,  0.0000, -0.0000, 0.0000)
            (-0.0000,  0.1847,  0.0000, 0.0000)
            ( 0.0000,  0.0000, -0.1847, 0.0000)
            ( 1.5998, -0.0000,  5.3184, 1.0000)>
MESH
Cube.028
<Matrix 4x4 ( 0.7500,  0.0000, 0.0000, 0.0000)
            (-0.0000,  0.0000, 0.0500, 0.0000)
            ( 0.0000, -0.7531, 0.0000, 0.0000)
            ( 2.5628,  0.7863, 2.4270, 1.0000)>
MESH
Cube.027
<Matrix 4x4 ( 0.7500,  0.0000, 0.0000, 0.0000)
            (-0.0000,  0.0000, 0.0500, 0.0000)
            ( 0.0000, -0.7531, 0.0000, 0.0000)
            ( 1.0628,  0.7863, 2.4270, 1.0000)>
MESH
Desk_Plane.007
<Matrix 4x4 ( 0.0000,  0.0000,  0.1847, 0.0000)
            ( 0.0000,  0.1847, -0.0000, 0.0000)
            (-0.1847,  0.0000,  0.0000, 0.0000)
            (-2.6206, -0.0000,  3.5479, 1.0000)>
MESH
Desk_Plane.008
<Matrix 4x4 ( 0.0000,  0.0000,  0.1847, 0.0000)
            ( 0.0000,  0.1847, -0.0000, 0.0000)
            (-0.1847,  0.0000,  0.0000, 0.0000)
            (-2.6206, -0.0000,  5.8333, 1.0000)>
MESH
Desk_Plane.009
<Matrix 4x4 ( 0.0000,  0.0000,  0.1847, 0.0000)
            ( 0.0000,  0.1847, -0.0000, 0.0000)
            (-0.1847,  0.0000,  0.0000, 0.0000)
            (-2.6206, -0.0000,  0.9530, 1.0000)>
MESH
Desk_Plane.010
<Matrix 4x4 ( 0.0000,  0.0000,  0.1847, 0.0000)
            ( 0.0000,  0.1847, -0.0000, 0.0000)
            (-0.1847,  0.0000,  0.0000, 0.0000)
            (-2.6206, -0.0000, -1.4405, 1.0000)>
MESH
Desk_Plane.011
<Matrix 4x4 ( 0.0000,  0.0000, -0.1847, 0.0000)
            (-0.0000,  0.1847, -0.0000, 0.0000)
            ( 0.1847,  0.0000,  0.0000, 0.0000)
            (-2.4749, -0.0000,  7.6453, 1.0000)>
MESH
top_panel_Plane
<Matrix 4x4 (-0.1516, 0.0000, -0.0482, 0.0000)
            (-0.0000, 0.1591,  0.0000, 0.0000)
            ( 0.0482, 0.0000, -0.1516, 0.0000)
            ( 5.6761, 0.7512,  5.9297, 1.0000)>
MESH
top_panel_Plane.001
<Matrix 4x4 ( 0.1294, 0.0000,  0.0851, 0.0000)
            ( 0.0000, 0.1549, -0.0000, 0.0000)
            (-0.0851, 0.0000,  0.1294, 0.0000)
            ( 6.5804, 0.7512,  4.8858, 1.0000)>
MESH
top_panel_Plane.002
<Matrix 4x4 (-0.0731, 0.0000,  0.1476, 0.0000)
            ( 0.0000, 0.1647,  0.0000, 0.0000)
            (-0.1476, 0.0000, -0.0731, 0.0000)
            ( 2.3040, 0.7512,  5.8948, 1.0000)>
MESH
top_panel_Plane.003
<Matrix 4x4 (-0.0732, 0.0000,  0.1477, 0.0000)
            ( 0.0000, 0.1648,  0.0000, 0.0000)
            (-0.1477, 0.0000, -0.0732, 0.0000)
            ( 2.3300, 0.7512,  3.9048, 1.0000)>
MESH
top_panel_Plane.004
<Matrix 4x4 ( 0.0616, 0.0000, -0.1328, 0.0000)
            (-0.0000, 0.1464, -0.0000, 0.0000)
            ( 0.1328, 0.0000,  0.0616, 0.0000)
            ( 1.3216, 0.7512,  5.1484, 1.0000)>
MESH
top_panel_Plane.005
<Matrix 4x4 ( 0.0693, 0.0000, -0.1496, 0.0000)
            (-0.0000, 0.1648, -0.0000, 0.0000)
            ( 0.1496, 0.0000,  0.0693, 0.0000)
            ( 1.2716, 0.7512,  2.9907, 1.0000)>
MESH
top_panel_Plane.006
<Matrix 4x4 ( 0.1168, 0.0000,  0.0600, 0.0000)
            ( 0.0000, 0.1313, -0.0000, 0.0000)
            (-0.0600, 0.0000,  0.1168, 0.0000)
            (-2.1983, 0.7512,  3.7724, 1.0000)>
MESH
top_panel_Plane.007
<Matrix 4x4 ( 0.1504, 0.0000,  0.0773, 0.0000)
            ( 0.0000, 0.1691, -0.0000, 0.0000)
            (-0.0773, 0.0000,  0.1504, 0.0000)
            (-2.1489, 0.7512,  6.1103, 1.0000)>
MESH
top_panel_Plane.008
<Matrix 4x4 ( 0.1258, 0.0000,  0.0646, 0.0000)
            ( 0.0000, 0.1415, -0.0000, 0.0000)
            (-0.0646, 0.0000,  0.1258, 0.0000)
            (-2.1754, 0.7512,  1.1545, 1.0000)>
MESH
top_panel_Plane.009
<Matrix 4x4 ( 0.1230, 0.0000,  0.0632, 0.0000)
            ( 0.0000, 0.1383, -0.0000, 0.0000)
            (-0.0632, 0.0000,  0.1230, 0.0000)
            (-2.0299, 0.7512, -1.2991, 1.0000)>
MESH
top_panel_Plane.010
<Matrix 4x4 (-0.1518, 0.0000, -0.0758, 0.0000)
            (-0.0000, 0.1697,  0.0000, 0.0000)
            ( 0.0758, 0.0000, -0.1518, 0.0000)
            (-2.9701, 0.7512,  7.4161, 1.0000)>
MESH
Cube.029
<Matrix 4x4 ( 0.0000, -0.0000, 0.0750, 0.0000)
            (-0.0000,  0.0750, 0.0000, 0.0000)
            (-1.1608, -0.0000, 0.0000, 0.0000)
            ( 6.0706,  1.7774, 5.4125, 1.0000)>
MESH
Cube.030
<Matrix 4x4 (-0.0750, -0.0000,  0.0000, 0.0000)
            (-0.0000,  0.0750, -0.0000, 0.0000)
            (-0.0000, -0.0000, -2.1724, 0.0000)
            ( 7.2093,  1.7774,  5.3980, 1.0000)>
MESH
Cube.031
<Matrix 4x4 (0.0750,  0.0000, 0.0000, 0.0000)
            (0.0000,  0.0000, 0.0750, 0.0000)
            (0.0000, -0.9260, 0.0000, 0.0000)
            (4.9849,  0.9044, 5.4067, 1.0000)>
MESH
Cube.032
<Matrix 4x4 (0.0750,  0.0000, 0.0000, 0.0000)
            (0.0000,  0.0000, 0.0750, 0.0000)
            (0.0000, -0.9260, 0.0000, 0.0000)
            (7.1384,  0.9044, 5.3950, 1.0000)>
MESH
Cube.033
<Matrix 4x4 (0.0750,  0.0000, 0.0000, 0.0000)
            (0.0000,  0.0000, 0.0750, 0.0000)
            (0.0000, -0.9260, 0.0000, 0.0000)
            (7.2129,  0.9044, 3.2982, 1.0000)>
MESH
Cube.034
<Matrix 4x4 (0.0750,  0.0000, 0.0000, 0.0000)
            (0.0000,  0.0000, 0.0750, 0.0000)
            (0.0000, -0.9260, 0.0000, 0.0000)
            (7.2129,  0.9044, 7.4993, 1.0000)>
MESH
Cube.035
<Matrix 4x4 (-0.0750, -0.0000,  0.0000, 0.0000)
            (-0.0000,  0.0750, -0.0000, 0.0000)
            (-0.0000, -0.0000, -2.0561, 0.0000)
            ( 1.8215,  1.6078,  4.4171, 1.0000)>
MESH
Cube.036
<Matrix 4x4 (0.0750,  0.0000, 0.0000, 0.0000)
            (0.0000,  0.0000, 0.0750, 0.0000)
            (0.0000, -0.8407, 0.0000, 0.0000)
            (1.8240,  0.8402, 6.3959, 1.0000)>
MESH
Cube.037
<Matrix 4x4 (0.0750,  0.0000, 0.0000, 0.0000)
            (0.0000,  0.0000, 0.0750, 0.0000)
            (0.0000, -0.8407, 0.0000, 0.0000)
            (1.8240,  0.8402, 2.4532, 1.0000)>
MESH
Cube.038
<Matrix 4x4 (0.0750,  0.0000, 0.0000, 0.0000)
            (0.0000,  0.0000, 0.0750, 0.0000)
            (0.0000, -0.8407, 0.0000, 0.0000)
            (0.3226,  0.8402, 2.4334, 1.0000)>
MESH
Cube.039
<Matrix 4x4 (0.0750,  0.0000, 0.0000, 0.0000)
            (0.0000,  0.0000, 0.0750, 0.0000)
            (0.0000, -0.8407, 0.0000, 0.0000)
            (3.3270,  0.8402, 2.4334, 1.0000)>
MESH
Cube.041
<Matrix 4x4 (0.0750,  0.0000, 0.0000, 0.0000)
            (0.0000,  0.0000, 0.0750, 0.0000)
            (0.0000, -0.8407, 0.0000, 0.0000)
            (0.3226,  0.8402, 4.4766, 1.0000)>
MESH
Cube.040
<Matrix 4x4 (0.0750,  0.0000, 0.0000, 0.0000)
            (0.0000,  0.0000, 0.0750, 0.0000)
            (0.0000, -0.8407, 0.0000, 0.0000)
            (3.3270,  0.8402, 4.4766, 1.0000)>
MESH
Cube.043
<Matrix 4x4 (0.0750,  0.0000, 0.0000, 0.0000)
            (0.0000,  0.0000, 0.0750, 0.0000)
            (0.0000, -0.8407, 0.0000, 0.0000)
            (3.3270,  0.8402, 6.3941, 1.0000)>
MESH
Cube.042
<Matrix 4x4 (0.0750,  0.0000, 0.0000, 0.0000)
            (0.0000,  0.0000, 0.0750, 0.0000)
            (0.0000, -0.8407, 0.0000, 0.0000)
            (0.3226,  0.8402, 6.3941, 1.0000)>
MESH
Cube.044
<Matrix 4x4 (-0.0000, -0.0000, -0.0750, 0.0000)
            ( 0.0000,  0.0750, -0.0000, 0.0000)
            ( 1.5789, -0.0000, -0.0000, 0.0000)
            ( 1.8215,  1.6078,  4.4764, 1.0000)>
MESH
Cube.045
<Matrix 4x4 (-0.0000, -0.0000, -0.0750, 0.0000)
            ( 0.0000,  0.0750, -0.0000, 0.0000)
            ( 1.5789, -0.0000, -0.0000, 0.0000)
            ( 1.8215,  1.6078,  2.4339, 1.0000)>
MESH
Cube.046
<Matrix 4x4 (-0.0000, -0.0000, -0.0750, 0.0000)
            ( 0.0000,  0.0750, -0.0000, 0.0000)
            ( 1.5789, -0.0000, -0.0000, 0.0000)
            ( 1.8215,  1.6078,  6.3945, 1.0000)>
MESH
Cube.047
<Matrix 4x4 (-0.0750, -0.0000,  0.0000, 0.0000)
            (-0.0000,  0.0750, -0.0000, 0.0000)
            (-0.0000, -0.0000, -5.8979, 0.0000)
            (-3.6607,  1.6078,  2.8779, 1.0000)>
MESH
Cube.048
<Matrix 4x4 (-0.0000, -0.0000, -0.0750, 0.0000)
            ( 0.0000,  0.0750, -0.0000, 0.0000)
            ( 1.1992, -0.0000, -0.0000, 0.0000)
            (-2.5196,  1.6078, -0.5753, 1.0000)>
MESH
Cube.049
<Matrix 4x4 ( 0.0750,  0.0000,  0.0000, 0.0000)
            ( 0.0000,  0.0000,  0.0750, 0.0000)
            ( 0.0000, -0.8407,  0.0000, 0.0000)
            (-1.3934,  0.8402, -0.5718, 1.0000)>
MESH
Cube.050
<Matrix 4x4 ( 0.0750,  0.0000,  0.0000, 0.0000)
            ( 0.0000,  0.0000,  0.0750, 0.0000)
            ( 0.0000, -0.8407,  0.0000, 0.0000)
            (-1.3934,  0.8402, -1.5365, 1.0000)>
MESH
Cube.051
<Matrix 4x4 ( 0.0750,  0.0000, 0.0000, 0.0000)
            ( 0.0000,  0.0000, 0.0750, 0.0000)
            ( 0.0000, -0.8407, 0.0000, 0.0000)
            (-1.3934,  0.8402, 0.8200, 1.0000)>
MESH
Cube.052
<Matrix 4x4 ( 0.0750,  0.0000, 0.0000, 0.0000)
            ( 0.0000,  0.0000, 0.0750, 0.0000)
            ( 0.0000, -0.8407, 0.0000, 0.0000)
            (-1.3934,  0.8402, 1.7883, 1.0000)>
MESH
Cube.053
<Matrix 4x4 ( 0.0750,  0.0000, 0.0000, 0.0000)
            ( 0.0000,  0.0000, 0.0750, 0.0000)
            ( 0.0000, -0.8407, 0.0000, 0.0000)
            (-1.3934,  0.8402, 3.2978, 1.0000)>
MESH
Cube.054
<Matrix 4x4 ( 0.0750,  0.0000, 0.0000, 0.0000)
            ( 0.0000,  0.0000, 0.0750, 0.0000)
            ( 0.0000, -0.8407, 0.0000, 0.0000)
            (-1.3934,  0.8402, 4.2766, 1.0000)>
MESH
Cube.055
<Matrix 4x4 ( 0.0750,  0.0000, 0.0000, 0.0000)
            ( 0.0000,  0.0000, 0.0750, 0.0000)
            ( 0.0000, -0.8407, 0.0000, 0.0000)
            (-1.3934,  0.8402, 5.7463, 1.0000)>
MESH
Cube.056
<Matrix 4x4 ( 0.0750,  0.0000, 0.0000, 0.0000)
            ( 0.0000,  0.0000, 0.0750, 0.0000)
            ( 0.0000, -0.8407, 0.0000, 0.0000)
            (-1.3934,  0.8402, 7.6937, 1.0000)>
MESH
Cube.057
<Matrix 4x4 (-0.0000, -0.0000, -0.0750, 0.0000)
            ( 0.0000,  0.0750, -0.0000, 0.0000)
            ( 1.1992, -0.0000, -0.0000, 0.0000)
            (-2.5196,  1.6078,  1.7878, 1.0000)>
MESH
Cube.058
<Matrix 4x4 (-0.0000, -0.0000, -0.0750, 0.0000)
            ( 0.0000,  0.0750, -0.0000, 0.0000)
            ( 1.1992, -0.0000, -0.0000, 0.0000)
            (-2.5196,  1.6078,  4.2757, 1.0000)>
MESH
Cube.059
<Matrix 4x4 (-0.0000, -0.0000, -0.0988, 0.0000)
            ( 0.0000,  0.0750, -0.0000, 0.0000)
            ( 1.1992, -0.0000, -0.0000, 0.0000)
            (-2.5196,  1.6078,  6.7299, 1.0000)>
MESH
Cube.060
<Matrix 4x4 ( 0.0750, -0.0000, 0.0003, 0.0000)
            ( 0.0000,  0.0750, 0.0000, 0.0000)
            (-0.0049, -0.0000, 1.0522, 0.0000)
            (-1.3981,  1.6078, 6.7187, 1.0000)>
MESH
Cube.061
<Matrix 4x4 ( 0.0750, -0.0000, 0.0003, 0.0000)
            ( 0.0000,  0.0750, 0.0000, 0.0000)
            (-0.0026, -0.0000, 0.5620, 0.0000)
            (-1.3981,  1.6078, 3.7854, 1.0000)>
MESH
Cube.062
<Matrix 4x4 ( 0.0750, -0.0000, 0.0003, 0.0000)
            ( 0.0000,  0.0750, 0.0000, 0.0000)
            (-0.0025, -0.0000, 0.5487, 0.0000)
            (-1.3981,  1.6078, 1.3021, 1.0000)>
MESH
Cube.063
<Matrix 4x4 ( 0.0750, -0.0000,  0.0003, 0.0000)
            ( 0.0000,  0.0750,  0.0000, 0.0000)
            (-0.0025, -0.0000,  0.5487, 0.0000)
            (-1.3981,  1.6078, -1.0641, 1.0000)>
MESH
Cube.064
<Matrix 4x4 ( 0.0750,  0.0000,  0.0000, 0.0000)
            ( 0.0000,  0.0000,  0.0750, 0.0000)
            ( 0.0000, -0.8407,  0.0000, 0.0000)
            (-3.6579,  0.8402, -2.9572, 1.0000)>
MESH
Box_bit_open.little_Cube.004
<Matrix 4x4 (1.0000,  0.0000, 0.0000, 0.0000)
            (0.0000,  1.0000, 0.0000, 0.0000)
            (0.0000, -0.0000, 1.0000, 0.0000)
            (5.8135,  0.1900, 9.5986, 1.0000)>
MESH
Box_bit_open_Cube.007
<Matrix 4x4 (0.9858,  0.0000, -0.1679, 0.0000)
            (0.0000,  1.0000,  0.0000, 0.0000)
            (0.1679, -0.0000,  0.9858, 0.0000)
            (6.0681,  0.0000,  9.9799, 1.0000)>
MESH
Box_closed.little_Cube.003
<Matrix 4x4 ( 0.9993,  0.0000, 0.0362, 0.0000)
            (-0.0000,  1.0000, 0.0000, 0.0000)
            (-0.0362, -0.0000, 0.9993, 0.0000)
            ( 6.6956,  0.0000, 8.9273, 1.0000)>
MESH
Box_closed_Cube.002
<Matrix 4x4 (-0.0000,  0.0000, -1.0000, 0.0000)
            ( 0.0000,  1.0000, -0.0000, 0.0000)
            ( 1.0000, -0.0000, -0.0000, 0.0000)
            ( 7.7782,  1.7958,  8.3715, 1.0000)>
MESH
BOX_open.little_Cube.006
<Matrix 4x4 ( 0.9787,  0.0000, 0.2052, 0.0000)
            (-0.0000,  1.0000, 0.0000, 0.0000)
            (-0.2052, -0.0000, 0.9787, 0.0000)
            ( 6.3920,  0.2578, 8.5641, 1.0000)>
MESH
BOX_open_Cube.005
<Matrix 4x4 (-0.0827, -0.0000,  0.9966, 0.0000)
            (-0.0000,  1.0000,  0.0000, 0.0000)
            (-0.9966, -0.0000, -0.0827, 0.0000)
            ( 7.4048,  0.4298,  7.9891, 1.0000)>
MESH
Box_closed.little_Cube.001
<Matrix 4x4 (0.9947,  0.0000, -0.1029, 0.0000)
            (0.0000,  1.0000,  0.0000, 0.0000)
            (0.1029, -0.0000,  0.9947, 0.0000)
            (6.3255,  0.0000,  8.9385, 1.0000)>
MESH
Bottom.plate.center_Cube.016
<Matrix 4x4 (-0.0018,  0.0000, -0.0854, 0.0000)
            ( 0.0000,  0.0854, -0.0000, 0.0000)
            ( 0.0854, -0.0000, -0.0018, 0.0000)
            ( 2.1529,  0.7421,  4.9117, 1.0000)>
MESH
Bottom.plate.outer_Cube.011
<Matrix 4x4 (-0.0018,  0.0000, -0.0854, 0.0000)
            ( 0.0000,  0.0854, -0.0000, 0.0000)
            ( 0.0854, -0.0000, -0.0018, 0.0000)
            ( 2.1529,  0.7421,  4.9117, 1.0000)>
MESH
Cube_Cube.019
<Matrix 4x4 (-0.0018,  0.0000, -0.0854, 0.0000)
            ( 0.0000,  0.0854, -0.0000, 0.0000)
            ( 0.0854, -0.0000, -0.0018, 0.0000)
            ( 2.1529,  0.7421,  4.9117, 1.0000)>
MESH
Ethernet.cord_Cube.017
<Matrix 4x4 (-0.0018,  0.0000, -0.0854, 0.0000)
            ( 0.0000,  0.0854, -0.0000, 0.0000)
            ( 0.0854, -0.0000, -0.0018, 0.0000)
            ( 2.1529,  0.7421,  4.9117, 1.0000)>
MESH
Peripheral.Audio_Cylinder.001
<Matrix 4x4 (-0.0018,  0.0000, -0.0854, 0.0000)
            ( 0.0000,  0.0854, -0.0000, 0.0000)
            ( 0.0854, -0.0000, -0.0018, 0.0000)
            ( 2.1529,  0.7421,  4.9117, 1.0000)>
MESH
Peripheral.Displayport.2_Cube.006
<Matrix 4x4 (-0.0018,  0.0000, -0.0854, 0.0000)
            ( 0.0000,  0.0854, -0.0000, 0.0000)
            ( 0.0854, -0.0000, -0.0018, 0.0000)
            ( 2.1529,  0.7421,  4.9117, 1.0000)>
MESH
Peripheral.Displayport_Cube.004
<Matrix 4x4 (-0.0018,  0.0000, -0.0854, 0.0000)
            ( 0.0000,  0.0854, -0.0000, 0.0000)
            ( 0.0854, -0.0000, -0.0018, 0.0000)
            ( 2.1529,  0.7421,  4.9117, 1.0000)>
MESH
Peripheral.Ethernet_Cube.003
<Matrix 4x4 (-0.0018,  0.0000, -0.0854, 0.0000)
            ( 0.0000,  0.0854, -0.0000, 0.0000)
            ( 0.0854, -0.0000, -0.0018, 0.0000)
            ( 2.1529,  0.7421,  4.9117, 1.0000)>
MESH
Peripheral.Power_Cylinder
<Matrix 4x4 (-0.0018,  0.0000, -0.0854, 0.0000)
            ( 0.0000,  0.0854, -0.0000, 0.0000)
            ( 0.0854, -0.0000, -0.0018, 0.0000)
            ( 2.1529,  0.7421,  4.9117, 1.0000)>
MESH
Peripheral.usb.2_Cube.008
<Matrix 4x4 (-0.0018,  0.0000, -0.0854, 0.0000)
            ( 0.0000,  0.0854, -0.0000, 0.0000)
            ( 0.0854, -0.0000, -0.0018, 0.0000)
            ( 2.1529,  0.7421,  4.9117, 1.0000)>
MESH
Peripheral.usb.3_Cube.009
<Matrix 4x4 (-0.0018,  0.0000, -0.0854, 0.0000)
            ( 0.0000,  0.0854, -0.0000, 0.0000)
            ( 0.0854, -0.0000, -0.0018, 0.0000)
            ( 2.1529,  0.7421,  4.9117, 1.0000)>
MESH
Peripheral.usb.4_Cube.012
<Matrix 4x4 (-0.0018,  0.0000, -0.0854, 0.0000)
            ( 0.0000,  0.0854, -0.0000, 0.0000)
            ( 0.0854, -0.0000, -0.0018, 0.0000)
            ( 2.1529,  0.7421,  4.9117, 1.0000)>
MESH
Peripheral.usb.5_Cube.005
<Matrix 4x4 (-0.0018,  0.0000, -0.0854, 0.0000)
            ( 0.0000,  0.0854, -0.0000, 0.0000)
            ( 0.0854, -0.0000, -0.0018, 0.0000)
            ( 2.1529,  0.7421,  4.9117, 1.0000)>
MESH
Peripheral.usb_Cube.007
<Matrix 4x4 (-0.0018,  0.0000, -0.0854, 0.0000)
            ( 0.0000,  0.0854, -0.0000, 0.0000)
            ( 0.0854, -0.0000, -0.0018, 0.0000)
            ( 2.1529,  0.7421,  4.9117, 1.0000)>
MESH
Peripheral.usbc_Cube.014
<Matrix 4x4 (-0.0018,  0.0000, -0.0854, 0.0000)
            ( 0.0000,  0.0854, -0.0000, 0.0000)
            ( 0.0854, -0.0000, -0.0018, 0.0000)
            ( 2.1529,  0.7421,  4.9117, 1.0000)>
MESH
Top.Plate_Cube.010
<Matrix 4x4 (-0.0018,  0.0000, -0.0854, 0.0000)
            ( 0.0000,  0.0854, -0.0000, 0.0000)
            ( 0.0854, -0.0000, -0.0018, 0.0000)
            ( 2.0521,  0.7585,  6.1181, 1.0000)>
  MESH
  Plane.024
  <Matrix 4x4 (-0.0018, -0.0000, -0.0854, 0.0000)
            ( 0.0000,  0.0854, -0.0000, 0.0000)
            ( 0.0854, -0.0000, -0.0018, 0.0000)
            ( 2.0521,  0.7585,  6.1181, 1.0000)>
  MESH
  Plane.025
  <Matrix 4x4 (-0.0018, -0.0000, -0.0854, 0.0000)
            ( 0.0000,  0.0854, -0.0000, 0.0000)
            ( 0.0854, -0.0000, -0.0018, 0.0000)
            ( 2.0521,  0.7585,  6.1181, 1.0000)>
  MESH
  Trim.Back_Cube.001
  <Matrix 4x4 (-0.0018, -0.0000, -0.0854, 0.0000)
            ( 0.0000,  0.0854, -0.0000, 0.0000)
            ( 0.0854, -0.0000, -0.0018, 0.0000)
            ( 2.0521,  0.7585,  6.1181, 1.0000)>
  MESH
  Trim.Button_Cube.015
  <Matrix 4x4 (-0.0018, -0.0000, -0.0854, 0.0000)
            ( 0.0000,  0.0854, -0.0000, 0.0000)
            ( 0.0854, -0.0000, -0.0018, 0.0000)
            ( 2.0521,  0.7585,  6.1181, 1.0000)>
  MESH
  Trim.Front_Cube.002
  <Matrix 4x4 (-0.0018, -0.0000, -0.0854, 0.0000)
            ( 0.0000,  0.0854, -0.0000, 0.0000)
            ( 0.0854, -0.0000, -0.0018, 0.0000)
            ( 2.0521,  0.7585,  6.1181, 1.0000)>
  MESH
  Trim.L_Cube.013
  <Matrix 4x4 (-0.0018, -0.0000, -0.0854, 0.0000)
            ( 0.0000,  0.0854, -0.0000, 0.0000)
            ( 0.0854, -0.0000, -0.0018, 0.0000)
            ( 2.0521,  0.7585,  6.1181, 1.0000)>
  MESH
  Trim.R_Cube
  <Matrix 4x4 (-0.0018, -0.0000, -0.0854, 0.0000)
            ( 0.0000,  0.0854, -0.0000, 0.0000)
            ( 0.0854, -0.0000, -0.0018, 0.0000)
            ( 2.0521,  0.7585,  6.1181, 1.0000)>
